productId,productUid,productType,productName,name,url,smallImage,updatedAt,partner_id,partner_uid,partner_type,partner_name,partner_image,partner_license,partner_url,partner_phone,partner_address,partner_code,meta_currency,meta_detailLink,meta_rateMin,meta_rateMax,meta_rateRange,meta_fullCreditRateMin,meta_fullCreditRateMax,meta_amountMin,meta_amountMax,meta_amountRange,meta_termMin,meta_termMax,meta_periodFromNotation,meta_periodToNotation,meta_termUnit,meta_issuanceCostMin,meta_issuanceCostMax,meta_annualServiceMin,meta_annualServiceMax,meta_cashWithdrawalsAtAtms,meta_cashWithdrawalsAtOtherBankAtms,meta_initialFeeMin,meta_initialFeeMax
17280,523203,credit,Запросто,Запросто,https://www.banki.ru/products/credits/credit/5232/,https://cdn.banki.ru/cdn/bank/96003_mobile_logo_url.png,19.06.2026 11:25,96003,960031,bank,Банк Синара,https://cdn.banki.ru/cdn/bank/96003_mobile_logo_url.png,705,www.sinara.ru,8 800 100-06-00,"620026, г. Екатеринбург, ул. Куйбышева, д. 75",skb-bank,RUB,https://www.banki.ru/products/credits/credit/5232/,11.9,37.0,"11,9–37%",,,51000,5440000,51 000–5 440 000 ₽,365,1825,1y,5y,4,,,,,,,,
16731,103,credit,На любые цели,На любые цели,https://www.banki.ru/products/credits/credit/1/,https://cdn.banki.ru/cdn/bank/322_mobile_logo_url.png,19.06.2026 11:25,322,3221,bank,Сбербанк,https://cdn.banki.ru/cdn/bank/322_mobile_logo_url.png,1481,www.sberbank.ru,8 800 555-55-50,"117997, г. Москва, ул. Вавилова, д. 19",sberbank,RUB,https://www.banki.ru/products/credits/credit/1/,18.4,49.9,"18,4–49,9%",,,10000,30000000,10 000–30 000 000 ₽,31,1825,1m,5y,4,,,,,,,,
19311,403,credit,На любые цели под залог недвижимости,На любые цели под залог недвижимости,https://www.banki.ru/products/credits/credit/4/,https://cdn.banki.ru/cdn/bank/322_mobile_logo_url.png,19.06.2026 11:28,322,3221,bank,Сбербанк,https://cdn.banki.ru/cdn/bank/322_mobile_logo_url.png,1481,www.sberbank.ru,8 800 555-55-50,"117997, г. Москва, ул. Вавилова, д. 19",sberbank,RUB,https://www.banki.ru/products/credits/credit/4/,16.2,34.151,"16,2–34,151%",,,200000,20000000,200 000–20 000 000 ₽,365,10950,1y,30y,4,,,,,,,,
16741,17903,credit,Образовательный,Образовательный,https://www.banki.ru/products/credits/credit/179/,https://cdn.banki.ru/cdn/bank/322_mobile_logo_url.png,11.06.2026 10:39,322,3221,bank,Сбербанк,https://cdn.banki.ru/cdn/bank/322_mobile_logo_url.png,1481,www.sberbank.ru,8 800 555-55-50,"117997, г. Москва, ул. Вавилова, д. 19",sberbank,RUB,https://www.banki.ru/products/credits/credit/179/,3.0,3.0,3%,,,10000,10000000,10 000–10 000 000 ₽,5475,5475,15y,15y,4,,,,,,,,
19810,21114903,credit,Классика,Классика,https://www.banki.ru/products/credits/credit/211149/,https://cdn.banki.ru/cdn/bank/351_mobile_logo_url.png,19.06.2026 11:46,351,3511,bank,Русский Стандарт,https://cdn.banki.ru/cdn/bank/351_mobile_logo_url.png,2289,www.rsb.ru,+7 (495) 748-07-48,"105187, г. Москва, ул. Ткацкая, д. 36",rsb,RUB,https://www.banki.ru/products/credits/credit/211149/,16.9,51.0,"16,9–51%",,,30000,3000000,30 000–3 000 000 ₽,30,1825,1m,5y,4,,,,,,,,
16978,424703,credit,Наличными,Наличными,https://www.banki.ru/products/credits/credit/4247/,https://cdn.banki.ru/cdn/bank/351_mobile_logo_url.png,19.06.2026 11:46,351,3511,bank,Русский Стандарт,https://cdn.banki.ru/cdn/bank/351_mobile_logo_url.png,2289,www.rsb.ru,+7 (495) 748-07-48,"105187, г. Москва, ул. Ткацкая, д. 36",rsb,RUB,https://www.banki.ru/products/credits/credit/4247/,24.9,65.0,"24,9–65%",,,30000,3000000,30 000–3 000 000 ₽,31,1825,1m,5y,4,,,,,,,,
19506,20111403,credit,Под залог недвижимости,Под залог недвижимости,https://www.banki.ru/products/credits/credit/201114/,https://cdn.banki.ru/cdn/bank/351_mobile_logo_url.png,11.06.2026 11:02,351,3511,bank,Русский Стандарт,https://cdn.banki.ru/cdn/bank/351_mobile_logo_url.png,2289,www.rsb.ru,+7 (495) 748-07-48,"105187, г. Москва, ул. Ткацкая, д. 36",rsb,RUB,https://www.banki.ru/products/credits/credit/201114/,22.9,33.0,"22,9–33%",,,500000,10000000,500 000–10 000 000 ₽,183,3650,6m,10y,4,,,,,,,,
18157,20111303,credit,Под залог авто,Под залог авто,https://www.banki.ru/products/credits/credit/201113/,https://cdn.banki.ru/cdn/bank/351_mobile_logo_url.png,19.06.2026 11:45,351,3511,bank,Русский Стандарт,https://cdn.banki.ru/cdn/bank/351_mobile_logo_url.png,2289,www.rsb.ru,+7 (495) 748-07-48,"105187, г. Москва, ул. Ткацкая, д. 36",rsb,RUB,https://www.banki.ru/products/credits/credit/201113/,24.9,35.0,"24,9–35%",,,30000,3000000,30 000–3 000 000 ₽,31,3650,1m,10y,4,,,,,,,,
16814,277003,credit,Стандартный плюс,Стандартный плюс,https://www.banki.ru/products/credits/credit/2770/,https://cdn.banki.ru/cdn/bank/76620_mobile_logo_url.png,19.06.2026 10:47,76620,766201,bank,Совкомбанк,https://cdn.banki.ru/cdn/bank/76620_mobile_logo_url.png,963,www.sovcombank.ru,8 800 100-00-06,"156000, г. Кострома, просп. Текстильщиков, д. 46",sovcombank,RUB,https://www.banki.ru/products/credits/credit/2770/,19.9,33.9,"19,9–33,9%",,,50000,399999,50 000–399 999 ₽,365,1825,5y,5y,4,,,,,,,,
17115,494603,credit,Прайм «Выгодный»,Прайм «Выгодный»,https://www.banki.ru/products/credits/credit/4946/,https://cdn.banki.ru/cdn/bank/76620_mobile_logo_url.png,19.06.2026 10:57,76620,766201,bank,Совкомбанк,https://cdn.banki.ru/cdn/bank/76620_mobile_logo_url.png,963,www.sovcombank.ru,8 800 100-00-06,"156000, г. Кострома, просп. Текстильщиков, д. 46",sovcombank,RUB,https://www.banki.ru/products/credits/credit/4946/,14.9,39.9,"14,9–39,9%",,,300000,5000000,300 000–5 000 000 ₽,365,1825,1y,5y,4,,,,,,,,
16934,394503,credit,Денежный кредит под залог авто «Выгодный»,Денежный кредит под залог авто «Выгодный»,https://www.banki.ru/products/credits/credit/3945/,https://cdn.banki.ru/cdn/bank/76620_mobile_logo_url.png,19.06.2026 10:57,76620,766201,bank,Совкомбанк,https://cdn.banki.ru/cdn/bank/76620_mobile_logo_url.png,963,www.sovcombank.ru,8 800 100-00-06,"156000, г. Кострома, просп. Текстильщиков, д. 46",sovcombank,RUB,https://www.banki.ru/products/credits/credit/3945/,14.9,39.9,"14,9–39,9%",,,150000,15000000,150 000–15 000 000 ₽,365,1825,1y,5y,4,,,,,,,,
17600,20100203,credit,Прайм «Специальный»,Прайм «Специальный»,https://www.banki.ru/products/credits/credit/201002/,https://cdn.banki.ru/cdn/bank/76620_mobile_logo_url.png,19.06.2026 10:55,76620,766201,bank,Совкомбанк,https://cdn.banki.ru/cdn/bank/76620_mobile_logo_url.png,963,www.sovcombank.ru,8 800 100-00-06,"156000, г. Кострома, просп. Текстильщиков, д. 46",sovcombank,RUB,https://www.banki.ru/products/credits/credit/201002/,14.9,39.9,"14,9–39,9%",,,30000,3000000,30 000–3 000 000 ₽,365,1825,1y,5y,4,,,,,,,,
17673,20107603,credit,Под залог авто,Под залог авто,https://www.banki.ru/products/credits/credit/201076/,https://cdn.banki.ru/cdn/bank/76620_mobile_logo_url.png,19.06.2026 10:57,76620,766201,bank,Совкомбанк,https://cdn.banki.ru/cdn/bank/76620_mobile_logo_url.png,963,www.sovcombank.ru,8 800 100-00-06,"156000, г. Кострома, просп. Текстильщиков, д. 46",sovcombank,RUB,https://www.banki.ru/products/credits/credit/201076/,19.9,35.9,"19,9–35,9%",,,100000,15000000,100 000–15 000 000 ₽,365,3650,1y,10y,4,,,,,,,,
16833,306303,credit,Пенсионный плюс,Пенсионный плюс,https://www.banki.ru/products/credits/credit/3063/,https://cdn.banki.ru/cdn/bank/76620_mobile_logo_url.png,19.06.2026 10:47,76620,766201,bank,Совкомбанк,https://cdn.banki.ru/cdn/bank/76620_mobile_logo_url.png,963,www.sovcombank.ru,8 800 100-00-06,"156000, г. Кострома, просп. Текстильщиков, д. 46",sovcombank,RUB,https://www.banki.ru/products/credits/credit/3063/,19.9,32.9,"19,9–32,9%",,,50000,399999,50 000–399 999 ₽,365,1825,5y,5y,4,,,,,,,,
17630,20103303,credit,Прайм Хит,Прайм Хит,https://www.banki.ru/products/credits/credit/201033/,https://cdn.banki.ru/cdn/bank/76620_mobile_logo_url.png,19.06.2026 10:56,76620,766201,bank,Совкомбанк,https://cdn.banki.ru/cdn/bank/76620_mobile_logo_url.png,963,www.sovcombank.ru,8 800 100-00-06,"156000, г. Кострома, просп. Текстильщиков, д. 46",sovcombank,RUB,https://www.banki.ru/products/credits/credit/201033/,14.9,39.9,"14,9–39,9%",,,300000,5000000,300 000–5 000 000 ₽,365,1825,1y,5y,4,,,,,,,,
17033,458803,credit,Супер плюс,Супер плюс,https://www.banki.ru/products/credits/credit/4588/,https://cdn.banki.ru/cdn/bank/76620_mobile_logo_url.png,19.06.2026 10:48,76620,766201,bank,Совкомбанк,https://cdn.banki.ru/cdn/bank/76620_mobile_logo_url.png,963,www.sovcombank.ru,8 800 100-00-06,"156000, г. Кострома, просп. Текстильщиков, д. 46",sovcombank,RUB,https://www.banki.ru/products/credits/credit/4588/,19.9,31.9,"19,9–31,9%",,,200000,3000000,200 000–3 000 000 ₽,549,1825,18m,5y,4,,,,,,,,
19409,500703,credit,«Выгодный»,«Выгодный»,https://www.banki.ru/products/credits/credit/5007/,https://cdn.banki.ru/cdn/bank/76620_mobile_logo_url.png,19.06.2026 10:58,76620,766201,bank,Совкомбанк,https://cdn.banki.ru/cdn/bank/76620_mobile_logo_url.png,963,www.sovcombank.ru,8 800 100-00-06,"156000, г. Кострома, просп. Текстильщиков, д. 46",sovcombank,RUB,https://www.banki.ru/products/credits/credit/5007/,19.9,19.9,"19,9%",,,200000,30000000,200 000–30 000 000 ₽,1095,5475,3y,15y,4,,,,,,,,
19367,394403,credit,Под залог недвижимости,Под залог недвижимости,https://www.banki.ru/products/credits/credit/3944/,https://cdn.banki.ru/cdn/bank/76620_mobile_logo_url.png,19.06.2026 11:01,76620,766201,bank,Совкомбанк,https://cdn.banki.ru/cdn/bank/76620_mobile_logo_url.png,963,www.sovcombank.ru,8 800 100-00-06,"156000, г. Кострома, просп. Текстильщиков, д. 46",sovcombank,RUB,https://www.banki.ru/products/credits/credit/3944/,28.9,32.4,"28,9–32,4%",,,200000,30000000,200 000–30 000 000 ₽,1095,5475,3y,15y,4,,,,,,,,
17037,459703,credit,Под залог (авто),Под залог (авто),https://www.banki.ru/products/credits/credit/4597/,https://cdn.banki.ru/cdn/bank/195706_mobile_logo_url.png,19.06.2026 11:18,195706,1957061,bank,Т-Банк,https://cdn.banki.ru/cdn/bank/195706_mobile_logo_url.png,2673,www.tbank.ru,8 800 555-10-10,"127287, г. Москва, ул. 2-я Хуторская, д.38А, стр.26",tcs,RUB,https://www.banki.ru/products/credits/credit/4597/,19.9,32.9,"19,9–32,9%",,,100000,7000000,100 000–7 000 000 ₽,365,2555,1y,7y,4,,,,,,,,
17349,20075003,credit,На высшее образование,На высшее образование,https://www.banki.ru/products/credits/credit/200750/,https://cdn.banki.ru/cdn/bank/195706_mobile_logo_url.png,19.06.2026 11:19,195706,1957061,bank,Т-Банк,https://cdn.banki.ru/cdn/bank/195706_mobile_logo_url.png,2673,www.tbank.ru,8 800 555-10-10,"127287, г. Москва, ул. 2-я Хуторская, д.38А, стр.26",tcs,RUB,https://www.banki.ru/products/credits/credit/200750/,3.0,3.0,3%,,,5000,6000000,5 000–6 000 000 ₽,365,9125,1y,25y,4,,,,,,,,
17588,20098903,credit,Наличными,Наличными,https://www.banki.ru/products/credits/credit/200989/,https://cdn.banki.ru/cdn/bank/195706_mobile_logo_url.png,19.06.2026 11:11,195706,1957061,bank,Т-Банк,https://cdn.banki.ru/cdn/bank/195706_mobile_logo_url.png,2673,www.tbank.ru,8 800 555-10-10,"127287, г. Москва, ул. 2-я Хуторская, д.38А, стр.26",tcs,RUB,https://www.banki.ru/products/credits/credit/200989/,19.9,40.0,"19,9–40%",,,50000,5000000,50 000–5 000 000 ₽,365,1825,1y,5y,4,,,,,,,,
19349,342703,credit,Под залог (недвижимости),Под залог (недвижимости),https://www.banki.ru/products/credits/credit/3427/,https://cdn.banki.ru/cdn/bank/195706_mobile_logo_url.png,19.06.2026 11:02,195706,1957061,bank,Т-Банк,https://cdn.banki.ru/cdn/bank/195706_mobile_logo_url.png,2673,www.tbank.ru,8 800 555-10-10,"127287, г. Москва, ул. 2-я Хуторская, д.38А, стр.26",tcs,RUB,https://www.banki.ru/products/credits/credit/3427/,17.9,31.9,"17,9–31,9%",,,200000,30000000,200 000–30 000 000 ₽,365,5475,1y,15y,4,,,,,,,,
16989,433103,credit,Наличными ,Наличными ,https://www.banki.ru/products/credits/credit/4331/,https://cdn.banki.ru/cdn/bank/327_mobile_logo_url.png,19.06.2026 11:41,327,3271,bank,ВТБ,https://cdn.banki.ru/cdn/bank/327_mobile_logo_url.png,1000,www.vtb.ru,8 800 200-77-99,"190000, г. Санкт-Петербург, ул. Большая Морская, д. 29",vtb,RUB,https://www.banki.ru/products/credits/credit/4331/,3.7,40.5,"3,7–40,5%",,,100001,7000000,100 001–7 000 000 ₽,183,1825,6m,5y,4,,,,,,,,
17067,471603,credit,Экспресс,Экспресс,https://www.banki.ru/products/credits/credit/4716/,https://cdn.banki.ru/cdn/bank/327_mobile_logo_url.png,19.06.2026 11:41,327,3271,bank,ВТБ,https://cdn.banki.ru/cdn/bank/327_mobile_logo_url.png,1000,www.vtb.ru,8 800 200-77-99,"190000, г. Санкт-Петербург, ул. Большая Морская, д. 29",vtb,RUB,https://www.banki.ru/products/credits/credit/4716/,25.4,54.1,"25,4–54,1%",,,30000,100000,30 000–100 000 ₽,183,1825,6m,5y,4,,,,,,,,
19312,13703,credit,Под залог недвижимости,Под залог недвижимости,https://www.banki.ru/products/credits/credit/137/,https://cdn.banki.ru/cdn/bank/327_mobile_logo_url.png,18.06.2026 17:11,327,3271,bank,ВТБ,https://cdn.banki.ru/cdn/bank/327_mobile_logo_url.png,1000,www.vtb.ru,8 800 200-77-99,"190000, г. Санкт-Петербург, ул. Большая Морская, д. 29",vtb,RUB,https://www.banki.ru/products/credits/credit/137/,20.8,22.8,"20,8–22,8%",,,1500000,40000000,1 500 000–40 000 000 ₽,365,5475,1y,15y,4,,,,,,,,
17615,20101803,credit,Под залог автомобиля,Под залог автомобиля,https://www.banki.ru/products/credits/credit/201018/,https://cdn.banki.ru/cdn/bank/327_mobile_logo_url.png,19.06.2026 11:41,327,3271,bank,ВТБ,https://cdn.banki.ru/cdn/bank/327_mobile_logo_url.png,1000,www.vtb.ru,8 800 200-77-99,"190000, г. Санкт-Петербург, ул. Большая Морская, д. 29",vtb,RUB,https://www.banki.ru/products/credits/credit/201018/,21.0,33.8,"21–33,8%",,,100001,40000000,100 001–40 000 000 ₽,183,1825,6m,5y,4,,,,,,,,
16818,280303,credit,На любые цели ,На любые цели ,https://www.banki.ru/products/credits/credit/2803/,https://cdn.banki.ru/cdn/card-designs/PSB_4_a53f377467.png,19.06.2026 11:58,5306,53061,bank,ПСБ,https://cdn.banki.ru/cdn/card-designs/PSB_4_a53f377467.png,3251,www.psbank.ru,8 800 333-03-03,"150003, г. Ярославль, ул. Республиканская, д. 16",promsvyazbank,RUB,https://www.banki.ru/products/credits/credit/2803/,26.9,36.9,"26,9–36,9%",,,100000,5000000,100 000–5 000 000 ₽,365,1825,1y,5y,4,,,,,,,,
17023,455103,credit,Для работников ОПК и военнослужащих,Для работников ОПК и военнослужащих,https://www.banki.ru/products/credits/credit/4551/,https://cdn.banki.ru/cdn/card-designs/PSB_4_a53f377467.png,19.06.2026 16:19,5306,53061,bank,ПСБ,https://cdn.banki.ru/cdn/card-designs/PSB_4_a53f377467.png,3251,www.psbank.ru,8 800 333-03-03,"150003, г. Ярославль, ул. Республиканская, д. 16",promsvyazbank,RUB,https://www.banki.ru/products/credits/credit/4551/,22.9,36.9,"22,9–36,9%",,,100000,10000000,100 000–10 000 000 ₽,365,3650,1y,10y,4,,,,,,,,
18848,20113503,credit,Наличными (для новых клиентов),Наличными (для новых клиентов),https://www.banki.ru/products/credits/credit/201135/,https://cdn.banki.ru/cdn/bank/325_mobile_logo_url.png,19.06.2026 11:32,325,3251,bank,Альфа-Банк,https://cdn.banki.ru/cdn/bank/325_mobile_logo_url.png,1326,www.alfabank.ru,8 800 200-00-00,"107078, г. Москва, ул. Каланчевская, д. 27",alfabank,RUB,https://www.banki.ru/products/credits/credit/201135/,18.99,53.99,"18,99–53,99%",,,30000,7500000,30 000–7 500 000 ₽,365,1825,5y,5y,4,,,,,,,,
20284,21118603,credit,Наличными (без визита в банк),Наличными (без визита в банк),https://www.banki.ru/products/credits/credit/211186/,https://cdn.banki.ru/cdn/bank/325_mobile_logo_url.png,19.06.2026 11:32,325,3251,bank,Альфа-Банк,https://cdn.banki.ru/cdn/bank/325_mobile_logo_url.png,1326,www.alfabank.ru,8 800 200-00-00,"107078, г. Москва, ул. Каланчевская, д. 27",alfabank,RUB,https://www.banki.ru/products/credits/credit/211186/,18.99,53.99,"18,99–53,99%",,,30000,7500000,30 000–7 500 000 ₽,365,1825,5y,5y,4,,,,,,,,
20360,20116403,credit,На любые цели под залог недвижимости,На любые цели под залог недвижимости,https://www.banki.ru/products/credits/credit/201164/,https://cdn.banki.ru/cdn/bank/325_mobile_logo_url.png,19.06.2026 11:31,325,3251,bank,Альфа-Банк,https://cdn.banki.ru/cdn/bank/325_mobile_logo_url.png,1326,www.alfabank.ru,8 800 200-00-00,"107078, г. Москва, ул. Каланчевская, д. 27",alfabank,RUB,https://www.banki.ru/products/credits/credit/201164/,17.4,27.9,"17,4–27,9%",,,500000,30000000,500 000–30 000 000 ₽,365,5475,1y,15y,4,,,,,,,,
17085,480103,credit,На любые цели,На любые цели,https://www.banki.ru/products/credits/credit/4801/,https://cdn.banki.ru/cdn/bank/6055_mobile_logo_url.png,19.06.2026 11:53,6055,60551,bank,МТС Банк,https://cdn.banki.ru/cdn/bank/6055_mobile_logo_url.png,2268,www.mtsbank.ru,8 800 250-05-20,"115432, г. Москва, просп. Андропова, д. 18, корп. 1",mts-bank,RUB,https://www.banki.ru/products/credits/credit/4801/,10.9,39.9,"10,9–39,9%",,,20000,5000000,20 000–5 000 000 ₽,365,1825,1y,5y,4,,,,,,,,
17629,20103203,credit,Под залог автомобиля,Под залог автомобиля,https://www.banki.ru/products/credits/credit/201032/,https://cdn.banki.ru/cdn/bank/6055_mobile_logo_url.png,10.06.2026 12:05,6055,60551,bank,МТС Банк,https://cdn.banki.ru/cdn/bank/6055_mobile_logo_url.png,2268,www.mtsbank.ru,8 800 250-05-20,"115432, г. Москва, просп. Андропова, д. 18, корп. 1",mts-bank,RUB,https://www.banki.ru/products/credits/credit/201032/,11.9,31.9,"11,9–31,9%",,,20000,5000000,20 000–5 000 000 ₽,365,1825,1y,5y,4,,,,,,,,
19410,501403,credit,Под залог недвижимости,Под залог недвижимости,https://www.banki.ru/products/credits/credit/5014/,https://cdn.banki.ru/cdn/bank/6055_mobile_logo_url.png,10.06.2026 12:06,6055,60551,bank,МТС Банк,https://cdn.banki.ru/cdn/bank/6055_mobile_logo_url.png,2268,www.mtsbank.ru,8 800 250-05-20,"115432, г. Москва, просп. Андропова, д. 18, корп. 1",mts-bank,RUB,https://www.banki.ru/products/credits/credit/5014/,18.5,24.9,"18,5–24,9%",,,500000,10000000,500 000–10 000 000 ₽,365,5475,1y,15y,4,,,,,,,,
17089,481803,credit,На благоустройство для жителей села,На благоустройство для жителей села,https://www.banki.ru/products/credits/credit/4818/,https://cdn.banki.ru/cdn/bank/4725_mobile_logo_url.png,18.06.2026 18:06,4725,47251,bank,Россельхозбанк,https://cdn.banki.ru/cdn/bank/4725_mobile_logo_url.png,3349,www.rshb.ru,8 800 100-01-00,"119034, г. Москва, Гагаринский пер., д. 3",rshb,RUB,https://www.banki.ru/products/credits/credit/4818/,3.25,33.0,"3,25–33%",,,30000,700000,30 000–700 000 ₽,365,365,1y,1y,4,,,,,,,,
16742,20503,credit,Со сниженным платежом,Со сниженным платежом,https://www.banki.ru/products/credits/credit/205/,https://cdn.banki.ru/cdn/bank/4725_mobile_logo_url.png,18.06.2026 18:06,4725,47251,bank,Россельхозбанк,https://cdn.banki.ru/cdn/bank/4725_mobile_logo_url.png,3349,www.rshb.ru,8 800 100-01-00,"119034, г. Москва, Гагаринский пер., д. 3",rshb,RUB,https://www.banki.ru/products/credits/credit/205/,24.1,36.1,"24,1–36,1%",,,30000,5000000,30 000–5 000 000 ₽,183,1825,6m,5y,4,,,,,,,,
17066,471103,credit,Газомоторное топливо,Газомоторное топливо,https://www.banki.ru/products/credits/credit/4711/,https://cdn.banki.ru/cdn/bank/4725_mobile_logo_url.png,18.06.2026 18:06,4725,47251,bank,Россельхозбанк,https://cdn.banki.ru/cdn/bank/4725_mobile_logo_url.png,3349,www.rshb.ru,8 800 100-01-00,"119034, г. Москва, Гагаринский пер., д. 3",rshb,RUB,https://www.banki.ru/products/credits/credit/4711/,27.9,33.4,"27,9–33,4%",,,30000,300000,30 000–300 000 ₽,365,365,1y,1y,4,,,,,,,,
17276,522703,credit,Догазификация,Догазификация,https://www.banki.ru/products/credits/credit/5227/,https://cdn.banki.ru/cdn/bank/190143_mobile_logo_url.png,10.06.2026 13:23,190143,1901431,bank,Банк «Вологжанин»,https://cdn.banki.ru/cdn/bank/190143_mobile_logo_url.png,1896,www.bankvl.ru,+7 (8172) 21-01-01,"160000, г. Вологда, ул. Козленская, д. 10",vologzhanin,RUB,https://www.banki.ru/products/credits/credit/5227/,3.25,26.5,"3,25–26,5%",,,50000,300000,50 000–300 000 ₽,31,1825,1m,5y,4,,,,,,,,
19480,20104603,credit,Залоговый (для бюджетников),Залоговый (для бюджетников),https://www.banki.ru/products/credits/credit/201046/,https://cdn.banki.ru/cdn/bank/190143_mobile_logo_url.png,10.06.2026 13:40,190143,1901431,bank,Банк «Вологжанин»,https://cdn.banki.ru/cdn/bank/190143_mobile_logo_url.png,1896,www.bankvl.ru,+7 (8172) 21-01-01,"160000, г. Вологда, ул. Козленская, д. 10",vologzhanin,RUB,https://www.banki.ru/products/credits/credit/201046/,20.5,29.5,"20,5–29,5%",,,1000000,10000000,1 000 000–10 000 000 ₽,730,2555,1m5y,7y,4,,,,,,,,
19388,452903,credit,Залоговый,Залоговый,https://www.banki.ru/products/credits/credit/4529/,https://cdn.banki.ru/cdn/bank/190143_mobile_logo_url.png,10.06.2026 13:40,190143,1901431,bank,Банк «Вологжанин»,https://cdn.banki.ru/cdn/bank/190143_mobile_logo_url.png,1896,www.bankvl.ru,+7 (8172) 21-01-01,"160000, г. Вологда, ул. Козленская, д. 10",vologzhanin,RUB,https://www.banki.ru/products/credits/credit/4529/,21.0,29.0,21–29%,,,300000,10000000,300 000–10 000 000 ₽,730,2555,1m5y,7y,4,,,,,,,,
16975,422803,credit,Под залог авто,Под залог авто,https://www.banki.ru/products/credits/credit/4228/,https://cdn.banki.ru/cdn/bank/190143_mobile_logo_url.png,10.06.2026 13:24,190143,1901431,bank,Банк «Вологжанин»,https://cdn.banki.ru/cdn/bank/190143_mobile_logo_url.png,1896,www.bankvl.ru,+7 (8172) 21-01-01,"160000, г. Вологда, ул. Козленская, д. 10",vologzhanin,RUB,https://www.banki.ru/products/credits/credit/4228/,21.0,28.0,21–28%,,,300000,5000000,300 000–5 000 000 ₽,730,1825,2y,5y,4,,,,,,,,
18175,20112203,credit,Лёгкий для бюджетников,Лёгкий для бюджетников,https://www.banki.ru/products/credits/credit/201122/,https://cdn.banki.ru/cdn/bank/190143_mobile_logo_url.png,10.06.2026 13:20,190143,1901431,bank,Банк «Вологжанин»,https://cdn.banki.ru/cdn/bank/190143_mobile_logo_url.png,1896,www.bankvl.ru,+7 (8172) 21-01-01,"160000, г. Вологда, ул. Козленская, д. 10",vologzhanin,RUB,https://www.banki.ru/products/credits/credit/201122/,21.0,26.0,21–26%,,,100000,1400000,100 000–1 400 000 ₽,730,1825,2y,5y,4,,,,,,,,
16991,437803,credit,С поручителем,С поручителем,https://www.banki.ru/products/credits/credit/4378/,https://cdn.banki.ru/cdn/bank/190143_mobile_logo_url.png,10.06.2026 13:33,190143,1901431,bank,Банк «Вологжанин»,https://cdn.banki.ru/cdn/bank/190143_mobile_logo_url.png,1896,www.bankvl.ru,+7 (8172) 21-01-01,"160000, г. Вологда, ул. Козленская, д. 10",vologzhanin,RUB,https://www.banki.ru/products/credits/credit/4378/,21.5,28.5,"21,5–28,5%",,,50000,3000000,50 000–3 000 000 ₽,730,1825,2y,5y,4,,,,,,,,
16990,437703,credit,Лёгкий,Лёгкий,https://www.banki.ru/products/credits/credit/4377/,https://cdn.banki.ru/cdn/bank/190143_mobile_logo_url.png,10.06.2026 13:19,190143,1901431,bank,Банк «Вологжанин»,https://cdn.banki.ru/cdn/bank/190143_mobile_logo_url.png,1896,www.bankvl.ru,+7 (8172) 21-01-01,"160000, г. Вологда, ул. Козленская, д. 10",vologzhanin,RUB,https://www.banki.ru/products/credits/credit/4377/,22.0,29.0,22–29%,,,50000,1000000,50 000–1 000 000 ₽,730,1825,2y,5y,4,,,,,,,,
17004,441403,credit,Пенсионный,Пенсионный,https://www.banki.ru/products/credits/credit/4414/,https://cdn.banki.ru/cdn/bank/190143_mobile_logo_url.png,10.06.2026 13:03,190143,1901431,bank,Банк «Вологжанин»,https://cdn.banki.ru/cdn/bank/190143_mobile_logo_url.png,1896,www.bankvl.ru,+7 (8172) 21-01-01,"160000, г. Вологда, ул. Козленская, д. 10",vologzhanin,RUB,https://www.banki.ru/products/credits/credit/4414/,22.0,29.0,22–29%,,,50000,750000,50 000–750 000 ₽,730,1825,2y,5y,4,,,,,,,,
16919,385303,credit,Топ-менеджер,Топ-менеджер,https://www.banki.ru/products/credits/credit/3853/,,11.06.2026 13:02,195603,1956031,bank,Крона-Банк,,2499,www.krona-bank.ru,+7 (3952) 25-25-05,"664007, г. Иркутск, ул. Дзержинского, д. 29",krona-bank,RUB,https://www.banki.ru/products/credits/credit/3853/,19.5,21.5,"19,5–21,5%",,,500000,5000000,500 000–5 000 000 ₽,92,1825,1m3y,5y,4,,,,,,,,
19490,20107703,credit,На любые цели,На любые цели,https://www.banki.ru/products/credits/credit/201077/,,16.06.2026 17:43,3698528,36985281,bank,Северстройбанк,,3507,www.ssb35.ru,+7 (8172) 75-93-60,"160009, г. Вологда, ул. Мальцева, д. 52.",sevstroybank,RUB,https://www.banki.ru/products/credits/credit/201077/,20.0,24.0,20–24%,,,10000,15000000,10 000–15 000 000 ₽,31,1825,37m,5y,4,,,,,,,,
19357,377603,credit,На любые цели под залог недвижимости,На любые цели под залог недвижимости,https://www.banki.ru/products/credits/credit/3776/,https://cdn.banki.ru/cdn/bank/2764_mobile_logo_url.png,19.06.2026 17:31,2764,27641,bank,Газпромбанк,https://cdn.banki.ru/cdn/bank/2764_mobile_logo_url.png,354,www.gazprombank.ru,8 800 300-60-90,"117420, г. Москва, ул. Наметкина, д. 16, корп. 1.",gazprombank,RUB,https://www.banki.ru/products/credits/credit/3776/,20.6,28.6,"20,6–28,6%",,,500000,30000000,500 000–30 000 000 ₽,1460,7300,4y,20y,4,,,,,,,,
17030,457803,credit,Наличными,Наличными,https://www.banki.ru/products/credits/credit/4578/,https://cdn.banki.ru/cdn/bank/2764_mobile_logo_url.png,19.06.2026 17:29,2764,27641,bank,Газпромбанк,https://cdn.banki.ru/cdn/bank/2764_mobile_logo_url.png,354,www.gazprombank.ru,8 800 300-60-90,"117420, г. Москва, ул. Наметкина, д. 16, корп. 1.",gazprombank,RUB,https://www.banki.ru/products/credits/credit/4578/,24.9,40.4,"24,9–40,4%",,,50000,7000000,50 000–7 000 000 ₽,397,1825,13m,5y,4,,,,,,,,
17132,499403,credit,Универсальный,Универсальный,https://www.banki.ru/products/credits/credit/4994/,https://cdn.banki.ru/cdn/bank/2764_mobile_logo_url.png,19.06.2026 17:24,2764,27641,bank,Газпромбанк,https://cdn.banki.ru/cdn/bank/2764_mobile_logo_url.png,354,www.gazprombank.ru,8 800 300-60-90,"117420, г. Москва, ул. Наметкина, д. 16, корп. 1.",gazprombank,RUB,https://www.banki.ru/products/credits/credit/4994/,27.9,29.9,"27,9–29,9%",,,500000,7000000,500 000–7 000 000 ₽,397,1825,13m,5y,4,,,,,,,,
19314,54103,credit,Под залог недвижимости,Под залог недвижимости,https://www.banki.ru/products/credits/credit/541/,https://static4.banki.ru/ugc/f2/39/74/18/191048.png,15.06.2026 18:45,191048,1910481,bank,СЕВЕРГАЗБАНК,https://static4.banki.ru/ugc/f2/39/74/18/191048.png,2816,www.severgazbank.ru,8 800 700-25-52,"160001, г. Вологда, ул. Благовещенская, д. 3",severgazbank,RUB,https://www.banki.ru/products/credits/credit/541/,22.8,24.8,"22,8–24,8%",,,500000,5000000,500 000–5 000 000 ₽,365,7300,1y,20y,4,,,,,,,,
17232,516103,credit,Доступный,Доступный,https://www.banki.ru/products/credits/credit/5161/,https://static4.banki.ru/ugc/f2/39/74/18/191048.png,15.06.2026 18:44,191048,1910481,bank,СЕВЕРГАЗБАНК,https://static4.banki.ru/ugc/f2/39/74/18/191048.png,2816,www.severgazbank.ru,8 800 700-25-52,"160001, г. Вологда, ул. Благовещенская, д. 3",severgazbank,RUB,https://www.banki.ru/products/credits/credit/5161/,27.4,28.9,"27,4–28,9%",,,50000,2500000,50 000–2 500 000 ₽,397,1825,13m,5y,4,,,,,,,,
16740,14403,credit,Стандартный ,Стандартный ,https://www.banki.ru/products/credits/credit/144/,https://cdn.banki.ru/cdn/bank/63520_mobile_logo_url.png,16.06.2026 15:28,63520,635201,bank,Уралсиб,https://cdn.banki.ru/cdn/bank/63520_mobile_logo_url.png,30,www.uralsib.ru,8 800 250-57-57,"119048, г. Москва, ул. Ефремова, д. 8",uralsib,RUB,https://www.banki.ru/products/credits/credit/144/,7.0,51.0,7–51%,,,30000,2000000,30 000–2 000 000 ₽,397,2555,13m,7y,4,,,,,,,,
19380,438703,credit,Под залог недвижимости,Под залог недвижимости,https://www.banki.ru/products/credits/credit/4387/,https://cdn.banki.ru/cdn/bank/63520_mobile_logo_url.png,16.06.2026 15:29,63520,635201,bank,Уралсиб,https://cdn.banki.ru/cdn/bank/63520_mobile_logo_url.png,30,www.uralsib.ru,8 800 250-57-57,"119048, г. Москва, ул. Ефремова, д. 8",uralsib,RUB,https://www.banki.ru/products/credits/credit/4387/,21.0,23.0,21–23%,,,1500000,20000000,1 500 000–20 000 000 ₽,365,5475,1y,15y,4,,,,,,,,
