productId,productUid,productType,productName,name,url,smallImage,updatedAt,partner_id,partner_uid,partner_type,partner_name,partner_image,partner_license,partner_url,partner_phone,partner_address,partner_code,meta_currency,meta_detailLink,meta_rateMin,meta_rateMax,meta_rateRange,meta_fullCreditRateMin,meta_fullCreditRateMax,meta_amountMin,meta_amountMax,meta_amountRange,meta_termMin,meta_termMax,meta_periodFromNotation,meta_periodToNotation,meta_termUnit,meta_issuanceCostMin,meta_issuanceCostMax,meta_annualServiceMin,meta_annualServiceMax,meta_cashWithdrawalsAtAtms,meta_cashWithdrawalsAtOtherBankAtms,meta_initialFeeMin,meta_initialFeeMax
16757,64703,credit,Запросто,Запросто,https://www.banki.ru/products/credits/credit/647/,https://cdn.banki.ru/cdn/bank/96003_mobile_logo_url.png,05.03.2026 12:03,96003,960031,bank,Банк Синара,https://cdn.banki.ru/cdn/bank/96003_mobile_logo_url.png,705,www.sinara.ru,8 800 100-06-00,"620026, г. Екатеринбург, ул. Куйбышева, д. 75",skb-bank,RUB,https://www.banki.ru/products/credits/credit/647/,11.9,39.0,"11,9–39%",,,51000,5440000,51 000–5 440 000 ₽,365,1825,1y,5y,4,,,,,,,,
19306,20113103,credit,Под залог недвижимости «Большая покупка»,Под залог недвижимости «Большая покупка»,https://www.banki.ru/products/credits/credit/201131/,https://cdn.banki.ru/cdn/bank/96003_mobile_logo_url.png,05.03.2026 13:22,96003,960031,bank,Банк Синара,https://cdn.banki.ru/cdn/bank/96003_mobile_logo_url.png,705,www.sinara.ru,8 800 100-06-00,"620026, г. Екатеринбург, ул. Куйбышева, д. 75",skb-bank,RUB,https://www.banki.ru/products/credits/credit/201131/,10.4,23.5,"10,4–23,5%",,,700000,13750000,700 000–13 750 000 ₽,365,5475,1y,15y,4,,,,,,,,
16731,103,credit,На любые цели,На любые цели,https://www.banki.ru/products/credits/credit/1/,https://cdn.banki.ru/cdn/bank/322_mobile_logo_url.png,05.03.2026 12:02,322,3221,bank,Сбербанк,https://cdn.banki.ru/cdn/bank/322_mobile_logo_url.png,1481,www.sberbank.ru,8 800 555-55-50,"117997, г. Москва, ул. Вавилова, д. 19",sberbank,RUB,https://www.banki.ru/products/credits/credit/1/,19.4,49.9,"19,4–49,9%",,,10000,30000000,10 000–30 000 000 ₽,31,1825,1m,5y,4,,,,,,,,
19311,403,credit,На любые цели под залог недвижимости,На любые цели под залог недвижимости,https://www.banki.ru/products/credits/credit/4/,https://cdn.banki.ru/cdn/bank/322_mobile_logo_url.png,05.03.2026 13:21,322,3221,bank,Сбербанк,https://cdn.banki.ru/cdn/bank/322_mobile_logo_url.png,1481,www.sberbank.ru,8 800 555-55-50,"117997, г. Москва, ул. Вавилова, д. 19",sberbank,RUB,https://www.banki.ru/products/credits/credit/4/,17.7,33.066,"17,7–33,066%",,,300000,20000000,300 000–20 000 000 ₽,365,10950,1y,30y,4,,,,,,,,
16741,17903,credit,Образовательный,Образовательный,https://www.banki.ru/products/credits/credit/179/,https://cdn.banki.ru/cdn/bank/322_mobile_logo_url.png,25.02.2026 15:47,322,3221,bank,Сбербанк,https://cdn.banki.ru/cdn/bank/322_mobile_logo_url.png,1481,www.sberbank.ru,8 800 555-55-50,"117997, г. Москва, ул. Вавилова, д. 19",sberbank,RUB,https://www.banki.ru/products/credits/credit/179/,3.0,3.0,3%,,,10000,10000000,10 000–10 000 000 ₽,5475,5475,15y,15y,4,,,,,,,,
19810,21114903,credit,Классика,Классика,https://www.banki.ru/products/credits/credit/211149/,https://cdn.banki.ru/cdn/bank/351_mobile_logo_url.png,05.03.2026 12:43,351,3511,bank,Русский Стандарт,https://cdn.banki.ru/cdn/bank/351_mobile_logo_url.png,2289,www.rsb.ru,+7 (495) 748-07-48,"105187, г. Москва, ул. Ткацкая, д. 36",rsb,RUB,https://www.banki.ru/products/credits/credit/211149/,16.9,51.0,"16,9–51%",,,30000,3000000,30 000–3 000 000 ₽,30,1825,1m,5y,4,,,,,,,,
16978,424703,credit,Наличными,Наличными,https://www.banki.ru/products/credits/credit/4247/,https://cdn.banki.ru/cdn/bank/351_mobile_logo_url.png,05.03.2026 12:42,351,3511,bank,Русский Стандарт,https://cdn.banki.ru/cdn/bank/351_mobile_logo_url.png,2289,www.rsb.ru,+7 (495) 748-07-48,"105187, г. Москва, ул. Ткацкая, д. 36",rsb,RUB,https://www.banki.ru/products/credits/credit/4247/,24.9,65.0,"24,9–65%",,,30000,3000000,30 000–3 000 000 ₽,31,1825,1m,5y,4,,,,,,,,
18157,20111303,credit,Под залог авто,Под залог авто,https://www.banki.ru/products/credits/credit/201113/,https://cdn.banki.ru/cdn/bank/351_mobile_logo_url.png,03.03.2026 12:09,351,3511,bank,Русский Стандарт,https://cdn.banki.ru/cdn/bank/351_mobile_logo_url.png,2289,www.rsb.ru,+7 (495) 748-07-48,"105187, г. Москва, ул. Ткацкая, д. 36",rsb,RUB,https://www.banki.ru/products/credits/credit/201113/,24.9,35.0,"24,9–35%",,,30000,3000000,30 000–3 000 000 ₽,31,3650,1m,10y,4,,,,,,,,
16814,277003,credit,Стандартный плюс,Стандартный плюс,https://www.banki.ru/products/credits/credit/2770/,https://cdn.banki.ru/cdn/bank/76620_mobile_logo_url.png,05.03.2026 11:00,76620,766201,bank,Совкомбанк,https://cdn.banki.ru/cdn/bank/76620_mobile_logo_url.png,963,www.sovcombank.ru,8 800 100-00-06,"156000, г. Кострома, просп. Текстильщиков, д. 46",sovcombank,RUB,https://www.banki.ru/products/credits/credit/2770/,19.9,38.9,"19,9–38,9%",,,50000,399999,50 000–399 999 ₽,365,1825,5y,5y,4,,,,,,,,
17630,20103303,credit,Прайм Хит,Прайм Хит,https://www.banki.ru/products/credits/credit/201033/,https://cdn.banki.ru/cdn/bank/76620_mobile_logo_url.png,05.03.2026 11:03,76620,766201,bank,Совкомбанк,https://cdn.banki.ru/cdn/bank/76620_mobile_logo_url.png,963,www.sovcombank.ru,8 800 100-00-06,"156000, г. Кострома, просп. Текстильщиков, д. 46",sovcombank,RUB,https://www.banki.ru/products/credits/credit/201033/,14.9,39.9,"14,9–39,9%",,,300000,5000000,300 000–5 000 000 ₽,365,1825,1y,5y,4,,,,,,,,
16833,306303,credit,Пенсионный плюс,Пенсионный плюс,https://www.banki.ru/products/credits/credit/3063/,https://cdn.banki.ru/cdn/bank/76620_mobile_logo_url.png,05.03.2026 10:59,76620,766201,bank,Совкомбанк,https://cdn.banki.ru/cdn/bank/76620_mobile_logo_url.png,963,www.sovcombank.ru,8 800 100-00-06,"156000, г. Кострома, просп. Текстильщиков, д. 46",sovcombank,RUB,https://www.banki.ru/products/credits/credit/3063/,19.9,37.9,"19,9–37,9%",,,50000,399999,50 000–399 999 ₽,365,1825,5y,5y,4,,,,,,,,
17115,494603,credit,Прайм «Выгодный»,Прайм «Выгодный»,https://www.banki.ru/products/credits/credit/4946/,https://cdn.banki.ru/cdn/bank/76620_mobile_logo_url.png,05.03.2026 10:56,76620,766201,bank,Совкомбанк,https://cdn.banki.ru/cdn/bank/76620_mobile_logo_url.png,963,www.sovcombank.ru,8 800 100-00-06,"156000, г. Кострома, просп. Текстильщиков, д. 46",sovcombank,RUB,https://www.banki.ru/products/credits/credit/4946/,14.9,39.9,"14,9–39,9%",,,300000,5000000,300 000–5 000 000 ₽,365,1825,1y,5y,4,,,,,,,,
17600,20100203,credit,Прайм «Специальный»,Прайм «Специальный»,https://www.banki.ru/products/credits/credit/201002/,https://cdn.banki.ru/cdn/bank/76620_mobile_logo_url.png,05.03.2026 11:04,76620,766201,bank,Совкомбанк,https://cdn.banki.ru/cdn/bank/76620_mobile_logo_url.png,963,www.sovcombank.ru,8 800 100-00-06,"156000, г. Кострома, просп. Текстильщиков, д. 46",sovcombank,RUB,https://www.banki.ru/products/credits/credit/201002/,14.9,39.9,"14,9–39,9%",,,30000,3000000,30 000–3 000 000 ₽,365,1825,1y,5y,4,,,,,,,,
16934,394503,credit,Денежный кредит под залог авто «Выгодный»,Денежный кредит под залог авто «Выгодный»,https://www.banki.ru/products/credits/credit/3945/,https://cdn.banki.ru/cdn/bank/76620_mobile_logo_url.png,05.03.2026 11:17,76620,766201,bank,Совкомбанк,https://cdn.banki.ru/cdn/bank/76620_mobile_logo_url.png,963,www.sovcombank.ru,8 800 100-00-06,"156000, г. Кострома, просп. Текстильщиков, д. 46",sovcombank,RUB,https://www.banki.ru/products/credits/credit/3945/,14.9,39.9,"14,9–39,9%",,,150000,15000000,150 000–15 000 000 ₽,365,1825,1y,5y,4,,,,,,,,
17033,458803,credit,Супер плюс,Супер плюс,https://www.banki.ru/products/credits/credit/4588/,https://cdn.banki.ru/cdn/bank/76620_mobile_logo_url.png,05.03.2026 11:04,76620,766201,bank,Совкомбанк,https://cdn.banki.ru/cdn/bank/76620_mobile_logo_url.png,963,www.sovcombank.ru,8 800 100-00-06,"156000, г. Кострома, просп. Текстильщиков, д. 46",sovcombank,RUB,https://www.banki.ru/products/credits/credit/4588/,19.9,36.9,"19,9–36,9%",,,200000,3000000,200 000–3 000 000 ₽,549,1825,18m,5y,4,,,,,,,,
17673,20107603,credit,Под залог авто,Под залог авто,https://www.banki.ru/products/credits/credit/201076/,https://cdn.banki.ru/cdn/bank/76620_mobile_logo_url.png,05.03.2026 10:44,76620,766201,bank,Совкомбанк,https://cdn.banki.ru/cdn/bank/76620_mobile_logo_url.png,963,www.sovcombank.ru,8 800 100-00-06,"156000, г. Кострома, просп. Текстильщиков, д. 46",sovcombank,RUB,https://www.banki.ru/products/credits/credit/201076/,19.9,35.9,"19,9–35,9%",,,100000,15000000,100 000–15 000 000 ₽,365,3650,1y,10y,4,,,,,,,,
19409,500703,credit,«Выгодный»,«Выгодный»,https://www.banki.ru/products/credits/credit/5007/,https://cdn.banki.ru/cdn/bank/76620_mobile_logo_url.png,05.03.2026 11:19,76620,766201,bank,Совкомбанк,https://cdn.banki.ru/cdn/bank/76620_mobile_logo_url.png,963,www.sovcombank.ru,8 800 100-00-06,"156000, г. Кострома, просп. Текстильщиков, д. 46",sovcombank,RUB,https://www.banki.ru/products/credits/credit/5007/,19.9,19.9,"19,9%",,,200000,30000000,200 000–30 000 000 ₽,1095,5475,3y,15y,4,,,,,,,,
19367,394403,credit,Под залог недвижимости,Под залог недвижимости,https://www.banki.ru/products/credits/credit/3944/,https://cdn.banki.ru/cdn/bank/76620_mobile_logo_url.png,05.03.2026 11:19,76620,766201,bank,Совкомбанк,https://cdn.banki.ru/cdn/bank/76620_mobile_logo_url.png,963,www.sovcombank.ru,8 800 100-00-06,"156000, г. Кострома, просп. Текстильщиков, д. 46",sovcombank,RUB,https://www.banki.ru/products/credits/credit/3944/,31.9,33.9,"31,9–33,9%",,,200000,30000000,200 000–30 000 000 ₽,1095,5475,3y,15y,4,,,,,,,,
17588,20098903,credit,Наличными,Наличными,https://www.banki.ru/products/credits/credit/200989/,https://cdn.banki.ru/cdn/bank/195706_mobile_logo_url.png,05.03.2026 11:44,195706,1957061,bank,Т-Банк,https://cdn.banki.ru/cdn/bank/195706_mobile_logo_url.png,2673,www.tbank.ru,8 800 555-10-10,"127287, г. Москва, ул. 2-я Хуторская, д.38А, стр.26",tcs,RUB,https://www.banki.ru/products/credits/credit/200989/,19.9,42.1,"19,9–42,1%",,,50000,5000000,50 000–5 000 000 ₽,365,1825,1y,5y,4,,,,,,,,
17349,20075003,credit,На высшее образование,На высшее образование,https://www.banki.ru/products/credits/credit/200750/,https://cdn.banki.ru/cdn/bank/195706_mobile_logo_url.png,05.03.2026 11:43,195706,1957061,bank,Т-Банк,https://cdn.banki.ru/cdn/bank/195706_mobile_logo_url.png,2673,www.tbank.ru,8 800 555-10-10,"127287, г. Москва, ул. 2-я Хуторская, д.38А, стр.26",tcs,RUB,https://www.banki.ru/products/credits/credit/200750/,3.0,3.0,3%,,,5000,6000000,5 000–6 000 000 ₽,365,9125,1y,25y,4,,,,,,,,
17037,459703,credit,Под залог (авто),Под залог (авто),https://www.banki.ru/products/credits/credit/4597/,https://cdn.banki.ru/cdn/bank/195706_mobile_logo_url.png,05.03.2026 11:44,195706,1957061,bank,Т-Банк,https://cdn.banki.ru/cdn/bank/195706_mobile_logo_url.png,2673,www.tbank.ru,8 800 555-10-10,"127287, г. Москва, ул. 2-я Хуторская, д.38А, стр.26",tcs,RUB,https://www.banki.ru/products/credits/credit/4597/,22.9,34.9,"22,9–34,9%",,,100000,7000000,100 000–7 000 000 ₽,365,2555,1y,7y,4,,,,,,,,
19349,342703,credit,Под залог (недвижимости),Под залог (недвижимости),https://www.banki.ru/products/credits/credit/3427/,https://cdn.banki.ru/cdn/bank/195706_mobile_logo_url.png,05.03.2026 11:29,195706,1957061,bank,Т-Банк,https://cdn.banki.ru/cdn/bank/195706_mobile_logo_url.png,2673,www.tbank.ru,8 800 555-10-10,"127287, г. Москва, ул. 2-я Хуторская, д.38А, стр.26",tcs,RUB,https://www.banki.ru/products/credits/credit/3427/,19.9,32.9,"19,9–32,9%",,,200000,30000000,200 000–30 000 000 ₽,365,5475,1y,15y,4,,,,,,,,
17147,501903,credit,Наличными,Наличными,https://www.banki.ru/products/credits/credit/5019/,https://cdn.banki.ru/cdn/bank/16196_mobile_logo_url.png,05.03.2026 12:39,16196,161961,bank,ОТП Банк,https://cdn.banki.ru/cdn/bank/16196_mobile_logo_url.png,2766,www.otpbank.ru,+7 (495) 775-47-75,"125171, г. Москва, Ленинградское ш., д. 16а, стр. 2",otpbank,RUB,https://www.banki.ru/products/credits/credit/5019/,22.9,51.9,"22,9–51,9%",,,15000,3000000,15 000–3 000 000 ₽,365,2555,1y,7y,4,,,,,,,,
16818,280303,credit,На любые цели ,На любые цели ,https://www.banki.ru/products/credits/credit/2803/,https://cdn.banki.ru/cdn/bank/5306_mobile_logo_url.png,05.03.2026 12:44,5306,53061,bank,ПСБ,https://cdn.banki.ru/cdn/bank/5306_mobile_logo_url.png,3251,www.psbank.ru,8 800 333-03-03,"150003, г. Ярославль, ул. Республиканская, д. 16",promsvyazbank,RUB,https://www.banki.ru/products/credits/credit/2803/,32.9,39.9,"32,9–39,9%",,,100000,5000000,100 000–5 000 000 ₽,365,1825,1y,5y,4,,,,,,,,
17023,455103,credit,Для работников ОПК и военнослужащих,Для работников ОПК и военнослужащих,https://www.banki.ru/products/credits/credit/4551/,https://cdn.banki.ru/cdn/bank/5306_mobile_logo_url.png,02.03.2026 17:38,5306,53061,bank,ПСБ,https://cdn.banki.ru/cdn/bank/5306_mobile_logo_url.png,3251,www.psbank.ru,8 800 333-03-03,"150003, г. Ярославль, ул. Республиканская, д. 16",promsvyazbank,RUB,https://www.banki.ru/products/credits/credit/4551/,27.9,37.9,"27,9–37,9%",,,100000,5000000,100 000–5 000 000 ₽,365,2555,1y,7y,4,,,,,,,,
17067,471603,credit,Экспресс,Экспресс,https://www.banki.ru/products/credits/credit/4716/,https://cdn.banki.ru/cdn/bank/327_mobile_logo_url.png,05.03.2026 12:23,327,3271,bank,ВТБ,https://cdn.banki.ru/cdn/bank/327_mobile_logo_url.png,1000,www.vtb.ru,8 800 200-77-99,"190000, г. Санкт-Петербург, ул. Большая Морская, д. 29",vtb,RUB,https://www.banki.ru/products/credits/credit/4716/,25.4,52.8,"25,4–52,8%",,,30000,100000,30 000–100 000 ₽,183,1825,6m,5y,4,,,,,,,,
16989,433103,credit,Наличными ,Наличными ,https://www.banki.ru/products/credits/credit/4331/,https://cdn.banki.ru/cdn/bank/327_mobile_logo_url.png,05.03.2026 12:23,327,3271,bank,ВТБ,https://cdn.banki.ru/cdn/bank/327_mobile_logo_url.png,1000,www.vtb.ru,8 800 200-77-99,"190000, г. Санкт-Петербург, ул. Большая Морская, д. 29",vtb,RUB,https://www.banki.ru/products/credits/credit/4331/,4.5,42.1,"4,5–42,1%",,,100001,7000000,100 001–7 000 000 ₽,183,1825,6m,5y,4,,,,,,,,
19312,13703,credit,Под залог недвижимости,Под залог недвижимости,https://www.banki.ru/products/credits/credit/137/,https://cdn.banki.ru/cdn/bank/327_mobile_logo_url.png,24.02.2026 19:03,327,3271,bank,ВТБ,https://cdn.banki.ru/cdn/bank/327_mobile_logo_url.png,1000,www.vtb.ru,8 800 200-77-99,"190000, г. Санкт-Петербург, ул. Большая Морская, д. 29",vtb,RUB,https://www.banki.ru/products/credits/credit/137/,21.3,22.3,"21,3–22,3%",,,1500000,40000000,1 500 000–40 000 000 ₽,365,5475,1y,15y,4,,,,,,,,
17615,20101803,credit,Под залог автомобиля,Под залог автомобиля,https://www.banki.ru/products/credits/credit/201018/,https://cdn.banki.ru/cdn/bank/327_mobile_logo_url.png,05.03.2026 12:23,327,3271,bank,ВТБ,https://cdn.banki.ru/cdn/bank/327_mobile_logo_url.png,1000,www.vtb.ru,8 800 200-77-99,"190000, г. Санкт-Петербург, ул. Большая Морская, д. 29",vtb,RUB,https://www.banki.ru/products/credits/credit/201018/,21.9,35.4,"21,9–35,4%",,,100001,40000000,100 001–40 000 000 ₽,183,1825,6m,5y,4,,,,,,,,
16740,14403,credit,Стандартный ,Стандартный ,https://www.banki.ru/products/credits/credit/144/,https://cdn.banki.ru/cdn/bank/63520_mobile_logo_url.png,05.03.2026 12:51,63520,635201,bank,Уралсиб,https://cdn.banki.ru/cdn/bank/63520_mobile_logo_url.png,30,www.uralsib.ru,8 800 250-57-57,"119048, г. Москва, ул. Ефремова, д. 8",uralsib,RUB,https://www.banki.ru/products/credits/credit/144/,9.0,51.0,9–51%,,,30000,1500000,30 000–1 500 000 ₽,397,2555,13m,7y,4,,,,,,,,
17168,506303,credit,Наличными,Наличными,https://www.banki.ru/products/credits/credit/5063/,https://cdn.banki.ru/cdn/card-designs/ATB_6c3ba5efa1.png,05.03.2026 12:52,192833,1928331,bank,Азиатско-Тихоокеанский банк (АТБ),https://cdn.banki.ru/cdn/card-designs/ATB_6c3ba5efa1.png,1810,www.atb.su,8 800 775-88-88,"675000, Амурская обл., г. Благовещенск, ул. Амурская, д. 225",atb,RUB,https://www.banki.ru/products/credits/credit/5063/,19.5,38.9,"19,5–38,9%",,,30000,5000000,30 000–5 000 000 ₽,366,2555,12m,7y,4,,,,,,,,
19347,335203,credit,На любые цели под залог недвижимости,На любые цели под залог недвижимости,https://www.banki.ru/products/credits/credit/3352/,https://cdn.banki.ru/cdn/card-designs/ATB_6c3ba5efa1.png,24.02.2026 18:10,192833,1928331,bank,Азиатско-Тихоокеанский банк (АТБ),https://cdn.banki.ru/cdn/card-designs/ATB_6c3ba5efa1.png,1810,www.atb.su,8 800 775-88-88,"675000, Амурская обл., г. Благовещенск, ул. Амурская, д. 225",atb,RUB,https://www.banki.ru/products/credits/credit/3352/,21.8,26.3,"21,8–26,3%",,,500000,20000000,500 000–20 000 000 ₽,1095,7300,3y,20y,4,,,,,,,,
19449,524303,credit,Под залог квартиры,Под залог квартиры,https://www.banki.ru/products/credits/credit/5243/,https://cdn.banki.ru/cdn/bank/11948217_mobile_logo_url.png,05.03.2026 12:31,11948217,119482171,bank,Credit.Club,https://cdn.banki.ru/cdn/bank/11948217_mobile_logo_url.png,—,credit.club,8 800-775-80-09,"г. Екатеринбург, ул. Малышева, 51
",creditclub,RUB,https://www.banki.ru/products/credits/credit/5243/,16.9,26.9,"16,9–26,9%",,,300000,15000000,300 000–15 000 000 ₽,365,7300,1y,20y,4,,,,,,,,
19357,377603,credit,На любые цели под залог недвижимости,На любые цели под залог недвижимости,https://www.banki.ru/products/credits/credit/3776/,https://cdn.banki.ru/cdn/bank/2764_mobile_logo_url.png,05.03.2026 13:12,2764,27641,bank,Газпромбанк,https://cdn.banki.ru/cdn/bank/2764_mobile_logo_url.png,354,www.gazprombank.ru,8 800 300-60-90,"117420, г. Москва, ул. Наметкина, д. 16, корп. 1.",gazprombank,RUB,https://www.banki.ru/products/credits/credit/3776/,9.3,28.6,"9,3–28,6%",,,500000,30000000,500 000–30 000 000 ₽,1460,7300,4y,20y,4,,,,,,,,
17030,457803,credit,Наличными,Наличными,https://www.banki.ru/products/credits/credit/4578/,https://cdn.banki.ru/cdn/bank/2764_mobile_logo_url.png,27.02.2026 14:09,2764,27641,bank,Газпромбанк,https://cdn.banki.ru/cdn/bank/2764_mobile_logo_url.png,354,www.gazprombank.ru,8 800 300-60-90,"117420, г. Москва, ул. Наметкина, д. 16, корп. 1.",gazprombank,RUB,https://www.banki.ru/products/credits/credit/4578/,24.9,40.4,"24,9–40,4%",,,50000,7000000,50 000–7 000 000 ₽,397,1825,13m,5y,4,,,,,,,,
17132,499403,credit,Универсальный,Универсальный,https://www.banki.ru/products/credits/credit/4994/,https://cdn.banki.ru/cdn/bank/2764_mobile_logo_url.png,27.02.2026 14:10,2764,27641,bank,Газпромбанк,https://cdn.banki.ru/cdn/bank/2764_mobile_logo_url.png,354,www.gazprombank.ru,8 800 300-60-90,"117420, г. Москва, ул. Наметкина, д. 16, корп. 1.",gazprombank,RUB,https://www.banki.ru/products/credits/credit/4994/,27.9,29.9,"27,9–29,9%",,,500000,7000000,500 000–7 000 000 ₽,397,1825,13m,5y,4,,,,,,,,
20360,20116403,credit,На любые цели под залог недвижимости,На любые цели под залог недвижимости,https://www.banki.ru/products/credits/credit/201164/,https://cdn.banki.ru/cdn/bank/325_mobile_logo_url.png,05.03.2026 12:30,325,3251,bank,Альфа-Банк,https://cdn.banki.ru/cdn/bank/325_mobile_logo_url.png,1326,www.alfabank.ru,8 800 200-00-00,"107078, г. Москва, ул. Каланчевская, д. 27",alfabank,RUB,https://www.banki.ru/products/credits/credit/201164/,17.9,25.4,"17,9–25,4%",,,500000,30000000,500 000–30 000 000 ₽,365,5475,1y,15y,4,,,,,,,,
18848,20113503,credit,Наличными (для новых клиентов),Наличными (для новых клиентов),https://www.banki.ru/products/credits/credit/201135/,https://cdn.banki.ru/cdn/bank/325_mobile_logo_url.png,05.03.2026 12:29,325,3251,bank,Альфа-Банк,https://cdn.banki.ru/cdn/bank/325_mobile_logo_url.png,1326,www.alfabank.ru,8 800 200-00-00,"107078, г. Москва, ул. Каланчевская, д. 27",alfabank,RUB,https://www.banki.ru/products/credits/credit/201135/,18.99,52.49,"18,99–52,49%",,,30000,7500000,30 000–7 500 000 ₽,365,1825,5y,5y,4,,,,,,,,
20284,21118603,credit,Наличными (без визита в банк),Наличными (без визита в банк),https://www.banki.ru/products/credits/credit/211186/,https://cdn.banki.ru/cdn/bank/325_mobile_logo_url.png,05.03.2026 12:29,325,3251,bank,Альфа-Банк,https://cdn.banki.ru/cdn/bank/325_mobile_logo_url.png,1326,www.alfabank.ru,8 800 200-00-00,"107078, г. Москва, ул. Каланчевская, д. 27",alfabank,RUB,https://www.banki.ru/products/credits/credit/211186/,18.99,52.49,"18,99–52,49%",,,30000,7500000,30 000–7 500 000 ₽,365,1825,5y,5y,4,,,,,,,,
17353,20075403,credit,Образовательный,Образовательный,https://www.banki.ru/products/credits/credit/200754/,https://cdn.banki.ru/cdn/bank/101146_mobile_logo_url.png,03.03.2026 19:07,101146,1011461,bank,Алмазэргиэнбанк,https://cdn.banki.ru/cdn/bank/101146_mobile_logo_url.png,2602,www.albank.ru,8 800 100-34-22,"677000, г. Якутск, просп. Ленина, д. 1",almazergienbank,RUB,https://www.banki.ru/products/credits/credit/200754/,3.0,3.0,3%,,,20000,5000000,20 000–5 000 000 ₽,3681,9125,1m10y,25y,4,,,,,,,,
17350,20075103,credit,На любые цели,На любые цели,https://www.banki.ru/products/credits/credit/200751/,https://cdn.banki.ru/cdn/bank/101146_mobile_logo_url.png,03.03.2026 19:05,101146,1011461,bank,Алмазэргиэнбанк,https://cdn.banki.ru/cdn/bank/101146_mobile_logo_url.png,2602,www.albank.ru,8 800 100-34-22,"677000, г. Якутск, просп. Ленина, д. 1",almazergienbank,RUB,https://www.banki.ru/products/credits/credit/200751/,30.0,36.0,30–36%,,,20000,3000000,20 000–3 000 000 ₽,92,1825,1y,5y,4,,,,,,,,
17089,481803,credit,На благоустройство для жителей села,На благоустройство для жителей села,https://www.banki.ru/products/credits/credit/4818/,https://cdn.banki.ru/cdn/bank/4725_mobile_logo_url.png,24.02.2026 16:36,4725,47251,bank,Россельхозбанк,https://cdn.banki.ru/cdn/bank/4725_mobile_logo_url.png,3349,www.rshb.ru,8 800 100-01-00,"119034, г. Москва, Гагаринский пер., д. 3",rshb,RUB,https://www.banki.ru/products/credits/credit/4818/,3.25,33.0,"3,25–33%",,,30000,700000,30 000–700 000 ₽,396,1825,1m1y,5y,4,,,,,,,,
17066,471103,credit,Газомоторное топливо,Газомоторное топливо,https://www.banki.ru/products/credits/credit/4711/,https://cdn.banki.ru/cdn/bank/4725_mobile_logo_url.png,24.02.2026 16:32,4725,47251,bank,Россельхозбанк,https://cdn.banki.ru/cdn/bank/4725_mobile_logo_url.png,3349,www.rshb.ru,8 800 100-01-00,"119034, г. Москва, Гагаринский пер., д. 3",rshb,RUB,https://www.banki.ru/products/credits/credit/4711/,27.9,33.4,"27,9–33,4%",,,30000,300000,30 000–300 000 ₽,397,1095,13m,3y,4,,,,,,,,
17085,480103,credit,На любые цели,На любые цели,https://www.banki.ru/products/credits/credit/4801/,https://cdn.banki.ru/cdn/bank/6055_mobile_logo_url.png,20.02.2026 18:01,6055,60551,bank,МТС Банк,https://cdn.banki.ru/cdn/bank/6055_mobile_logo_url.png,2268,www.mtsbank.ru,8 800 250-05-20,"115432, г. Москва, просп. Андропова, д. 18, корп. 1",mts-bank,RUB,https://www.banki.ru/products/credits/credit/4801/,11.9,39.9,"11,9–39,9%",,,20000,5000000,20 000–5 000 000 ₽,365,1825,1y,5y,4,,,,,,,,
17629,20103203,credit,Под залог автомобиля,Под залог автомобиля,https://www.banki.ru/products/credits/credit/201032/,https://cdn.banki.ru/cdn/bank/6055_mobile_logo_url.png,20.02.2026 18:06,6055,60551,bank,МТС Банк,https://cdn.banki.ru/cdn/bank/6055_mobile_logo_url.png,2268,www.mtsbank.ru,8 800 250-05-20,"115432, г. Москва, просп. Андропова, д. 18, корп. 1",mts-bank,RUB,https://www.banki.ru/products/credits/credit/201032/,17.9,33.9,"17,9–33,9%",,,100000,5000000,100 000–5 000 000 ₽,365,1825,1y,5y,4,,,,,,,,
19410,501403,credit,Под залог недвижимости,Под залог недвижимости,https://www.banki.ru/products/credits/credit/5014/,https://cdn.banki.ru/cdn/bank/6055_mobile_logo_url.png,04.03.2026 19:00,6055,60551,bank,МТС Банк,https://cdn.banki.ru/cdn/bank/6055_mobile_logo_url.png,2268,www.mtsbank.ru,8 800 250-05-20,"115432, г. Москва, просп. Андропова, д. 18, корп. 1",mts-bank,RUB,https://www.banki.ru/products/credits/credit/5014/,20.5,26.9,"20,5–26,9%",,,500000,10000000,500 000–10 000 000 ₽,365,5475,1y,15y,4,,,,,,,,
16886,356203,credit,Наличными,Наличными,https://www.banki.ru/products/credits/credit/3562/,https://cdn.banki.ru/cdn/bank/2237_mobile_logo_url.png,24.02.2026 19:13,2237,22371,bank,Банк ДОМ.РФ,https://cdn.banki.ru/cdn/bank/2237_mobile_logo_url.png,2312,domrfbank.ru,8 800 775-86-86 ,"125009, г. Москва, ул. Воздвиженка, д. 10",domrfbank,RUB,https://www.banki.ru/products/credits/credit/3562/,16.0,39.5,"16–39,5%",,,100000,10000000,100 000–10 000 000 ₽,730,2555,2y,7y,4,,,,,,,,
19722,20114903,credit,Под залог квартиры,Под залог квартиры,https://www.banki.ru/products/credits/credit/201149/,https://cdn.banki.ru/cdn/bank/2237_mobile_logo_url.png,24.02.2026 19:14,2237,22371,bank,Банк ДОМ.РФ,https://cdn.banki.ru/cdn/bank/2237_mobile_logo_url.png,2312,domrfbank.ru,8 800 775-86-86 ,"125009, г. Москва, ул. Воздвиженка, д. 10",domrfbank,RUB,https://www.banki.ru/products/credits/credit/201149/,27.0,28.0,27–28%,,,500000,30000000,500 000–30 000 000 ₽,1095,10950,3y,30y,4,,,,,,,,
17632,20103503,credit,Под залог авто,Под залог авто,https://www.banki.ru/products/credits/credit/201035/,https://cdn.banki.ru/cdn/bank/95970_mobile_logo_url.png,04.03.2026 17:51,95970,959701,bank,Уральский банк реконструкции и развития (УБРиР),https://cdn.banki.ru/cdn/bank/95970_mobile_logo_url.png,429,www.ubrr.ru,8 800 100-02-00,"620063, г. Екатеринбург, ул. 8 Марта, д. 51",ubrr,RUB,https://www.banki.ru/products/credits/credit/201035/,16.4,37.0,"16,4–37%",,,200000,5000000,200 000–5 000 000 ₽,1460,3650,10y,10y,4,,,,,,,,
16756,60903,credit,На любые цели,На любые цели,https://www.banki.ru/products/credits/credit/609/,https://cdn.banki.ru/cdn/bank/95970_mobile_logo_url.png,04.03.2026 17:50,95970,959701,bank,Уральский банк реконструкции и развития (УБРиР),https://cdn.banki.ru/cdn/bank/95970_mobile_logo_url.png,429,www.ubrr.ru,8 800 100-02-00,"620063, г. Екатеринбург, ул. 8 Марта, д. 51",ubrr,RUB,https://www.banki.ru/products/credits/credit/609/,17.9,37.0,"17,9–37%",,,100000,5000000,100 000–5 000 000 ₽,1095,1825,5y,5y,4,,,,,,,,
16993,438803,credit,Без справок,Без справок,https://www.banki.ru/products/credits/credit/4388/,https://cdn.banki.ru/cdn/bank/95970_mobile_logo_url.png,04.03.2026 17:49,95970,959701,bank,Уральский банк реконструкции и развития (УБРиР),https://cdn.banki.ru/cdn/bank/95970_mobile_logo_url.png,429,www.ubrr.ru,8 800 100-02-00,"620063, г. Екатеринбург, ул. 8 Марта, д. 51",ubrr,RUB,https://www.banki.ru/products/credits/credit/4388/,18.4,37.0,"18,4–37%",,,100000,700000,100 000–700 000 ₽,1095,1825,5y,5y,4,,,,,,,,
19370,401203,credit,Под залог недвижимости,Под залог недвижимости,https://www.banki.ru/products/credits/credit/4012/,https://cdn.banki.ru/cdn/bank/95970_mobile_logo_url.png,04.03.2026 17:52,95970,959701,bank,Уральский банк реконструкции и развития (УБРиР),https://cdn.banki.ru/cdn/bank/95970_mobile_logo_url.png,429,www.ubrr.ru,8 800 100-02-00,"620063, г. Екатеринбург, ул. 8 Марта, д. 51",ubrr,RUB,https://www.banki.ru/products/credits/credit/4012/,25.0,26.5,"25–26,5%",,,300000,15000000,300 000–15 000 000 ₽,1825,5475,5y,15y,4,,,,,,,,
16747,50303,credit,Наличными,Наличными,https://www.banki.ru/products/credits/credit/503/,https://cdn.banki.ru/cdn/bank/191107_mobile_logo_url.png,24.02.2026 17:11,191107,1911071,bank,Дальневосточный Банк,https://cdn.banki.ru/cdn/bank/191107_mobile_logo_url.png,843,www.dvbank.ru,8 800 555-22-05,"690990, г. Владивосток, ул. Верхнепортовая, д. 27а",dalnevostochny,RUB,https://www.banki.ru/products/credits/credit/503/,18.5,26.5,"18,5–26,5%",,,40000,3000000,40 000–3 000 000 ₽,730,1825,2y,5y,4,,,,,,,,
19313,50503,credit,Под залог недвижимости,Под залог недвижимости,https://www.banki.ru/products/credits/credit/505/,https://cdn.banki.ru/cdn/bank/191107_mobile_logo_url.png,24.02.2026 16:53,191107,1911071,bank,Дальневосточный Банк,https://cdn.banki.ru/cdn/bank/191107_mobile_logo_url.png,843,www.dvbank.ru,8 800 555-22-05,"690990, г. Владивосток, ул. Верхнепортовая, д. 27а",dalnevostochny,RUB,https://www.banki.ru/products/credits/credit/505/,19.2,23.5,"19,2–23,5%",,,300000,100000000,300 000–100 000 000 ₽,365,3650,1y,10y,4,,,,,,,,
17636,20103903,credit,Обеспеченный,Обеспеченный,https://www.banki.ru/products/credits/credit/201039/,https://cdn.banki.ru/cdn/bank/11518_mobile_logo_url.png,24.02.2026 19:20,11518,115181,bank,Банк ТКБ,https://cdn.banki.ru/cdn/bank/11518_mobile_logo_url.png,2210,www.tkbbank.ru,8 800 100-32-00,"109147, г. Москва, ул. Воронцовская, д. 27/35",transcapitalbank,RUB,https://www.banki.ru/products/credits/credit/201039/,18.9,34.5,"18,9–34,5%",,,100000,3000000,100 000–3 000 000 ₽,397,1825,13m,5y,4,,,,,,,,
16807,261503,credit,Наличными,Наличными,https://www.banki.ru/products/credits/credit/2615/,https://cdn.banki.ru/cdn/bank/11518_mobile_logo_url.png,24.02.2026 19:17,11518,115181,bank,Банк ТКБ,https://cdn.banki.ru/cdn/bank/11518_mobile_logo_url.png,2210,www.tkbbank.ru,8 800 100-32-00,"109147, г. Москва, ул. Воронцовская, д. 27/35",transcapitalbank,RUB,https://www.banki.ru/products/credits/credit/2615/,19.9,35.5,"19,9–35,5%",,,50000,1000000,50 000–1 000 000 ₽,397,1825,13m,5y,4,,,,,,,,
20331,20116303,credit,Удобный,Удобный,https://www.banki.ru/products/credits/credit/201163/,https://cdn.banki.ru/cdn/bank/11518_mobile_logo_url.png,24.02.2026 19:21,11518,115181,bank,Банк ТКБ,https://cdn.banki.ru/cdn/bank/11518_mobile_logo_url.png,2210,www.tkbbank.ru,8 800 100-32-00,"109147, г. Москва, ул. Воронцовская, д. 27/35",transcapitalbank,RUB,https://www.banki.ru/products/credits/credit/201163/,21.75,24.9,"21,75–24,9%",,,500000,100000000,500 000–100 000 000 ₽,1095,10950,3y,30y,4,,,,,,,,
16919,385303,credit,Топ-менеджер,Топ-менеджер,https://www.banki.ru/products/credits/credit/3853/,,26.02.2026 18:20,195603,1956031,bank,Крона-Банк,,2499,www.krona-bank.ru,+7 (3952) 25-25-05,"664007, г. Иркутск, ул. Дзержинского, д. 29",krona-bank,RUB,https://www.banki.ru/products/credits/credit/3853/,20.5,22.5,"20,5–22,5%",,,500000,5000000,500 000–5 000 000 ₽,92,1825,1m3y,5y,4,,,,,,,,
19419,505103,credit,Под залог недвижимости,Под залог недвижимости,https://www.banki.ru/products/credits/credit/5051/,https://cdn.banki.ru/cdn/bank/191203_mobile_logo_url.png,26.02.2026 12:52,191203,1912031,bank,Примсоцбанк,https://cdn.banki.ru/cdn/bank/191203_mobile_logo_url.png,2733,www.pskb.com,8 800 350-42-02,"690106, Приморский край, г. Владивосток, Партизанский пр-т, д. 44",primsotsbank,RUB,https://www.banki.ru/products/credits/credit/5051/,20.8,21.8,"20,8–21,8%",,,500000,50000000,500 000–50 000 000 ₽,365,9125,1y,25y,4,,,,,,,,
17201,511903,credit,Акционный (с обеспечением),Акционный (с обеспечением),https://www.banki.ru/products/credits/credit/5119/,https://cdn.banki.ru/cdn/bank/191203_mobile_logo_url.png,26.02.2026 12:34,191203,1912031,bank,Примсоцбанк,https://cdn.banki.ru/cdn/bank/191203_mobile_logo_url.png,2733,www.pskb.com,8 800 350-42-02,"690106, Приморский край, г. Владивосток, Партизанский пр-т, д. 44",primsotsbank,RUB,https://www.banki.ru/products/credits/credit/5119/,21.9,31.9,"21,9–31,9%",,,100001,5000000,100 001–5 000 000 ₽,1460,1825,4y,5y,4,,,,,,,,
19861,21115803,credit,Рациональный (с обеспечением),Рациональный (с обеспечением),https://www.banki.ru/products/credits/credit/211158/,https://cdn.banki.ru/cdn/bank/191203_mobile_logo_url.png,26.02.2026 12:36,191203,1912031,bank,Примсоцбанк,https://cdn.banki.ru/cdn/bank/191203_mobile_logo_url.png,2733,www.pskb.com,8 800 350-42-02,"690106, Приморский край, г. Владивосток, Партизанский пр-т, д. 44",primsotsbank,RUB,https://www.banki.ru/products/credits/credit/211158/,21.9,31.9,"21,9–31,9%",,,100001,5000000,100 001–5 000 000 ₽,730,1825,2y,5y,4,,,,,,,,
17172,507103,credit,Акционный,Акционный,https://www.banki.ru/products/credits/credit/5071/,https://cdn.banki.ru/cdn/bank/191203_mobile_logo_url.png,26.02.2026 12:34,191203,1912031,bank,Примсоцбанк,https://cdn.banki.ru/cdn/bank/191203_mobile_logo_url.png,2733,www.pskb.com,8 800 350-42-02,"690106, Приморский край, г. Владивосток, Партизанский пр-т, д. 44",primsotsbank,RUB,https://www.banki.ru/products/credits/credit/5071/,21.9,31.9,"21,9–31,9%",,,100001,2000000,100 001–2 000 000 ₽,1825,1825,5y,5y,4,,,,,,,,
19860,21115703,credit,Рациональный,Рациональный,https://www.banki.ru/products/credits/credit/211157/,https://cdn.banki.ru/cdn/bank/191203_mobile_logo_url.png,26.02.2026 12:35,191203,1912031,bank,Примсоцбанк,https://cdn.banki.ru/cdn/bank/191203_mobile_logo_url.png,2733,www.pskb.com,8 800 350-42-02,"690106, Приморский край, г. Владивосток, Партизанский пр-т, д. 44",primsotsbank,RUB,https://www.banki.ru/products/credits/credit/211157/,21.9,31.9,"21,9–31,9%",,,100001,2000000,100 001–2 000 000 ₽,730,1825,2y,5y,4,,,,,,,,
17039,460003,credit,Для пенсионеров (с обеспечением),Для пенсионеров (с обеспечением),https://www.banki.ru/products/credits/credit/4600/,https://cdn.banki.ru/cdn/bank/191203_mobile_logo_url.png,26.02.2026 12:29,191203,1912031,bank,Примсоцбанк,https://cdn.banki.ru/cdn/bank/191203_mobile_logo_url.png,2733,www.pskb.com,8 800 350-42-02,"690106, Приморский край, г. Владивосток, Партизанский пр-т, д. 44",primsotsbank,RUB,https://www.banki.ru/products/credits/credit/4600/,24.9,24.9,"24,9%",,,30000,7000000,30 000–7 000 000 ₽,183,1825,6m,5y,4,,,,,,,,
17038,459903,credit,Для пенсионеров,Для пенсионеров,https://www.banki.ru/products/credits/credit/4599/,https://cdn.banki.ru/cdn/bank/191203_mobile_logo_url.png,26.02.2026 12:28,191203,1912031,bank,Примсоцбанк,https://cdn.banki.ru/cdn/bank/191203_mobile_logo_url.png,2733,www.pskb.com,8 800 350-42-02,"690106, Приморский край, г. Владивосток, Партизанский пр-т, д. 44",primsotsbank,RUB,https://www.banki.ru/products/credits/credit/4599/,24.9,24.9,"24,9%",,,30000,2000000,30 000–2 000 000 ₽,183,1825,6m,5y,4,,,,,,,,
19866,21116003,credit,Базовый (с обеспечением) ,Базовый (с обеспечением) ,https://www.banki.ru/products/credits/credit/211160/,https://cdn.banki.ru/cdn/bank/191203_mobile_logo_url.png,26.02.2026 12:32,191203,1912031,bank,Примсоцбанк,https://cdn.banki.ru/cdn/bank/191203_mobile_logo_url.png,2733,www.pskb.com,8 800 350-42-02,"690106, Приморский край, г. Владивосток, Партизанский пр-т, д. 44",primsotsbank,RUB,https://www.banki.ru/products/credits/credit/211160/,29.0,29.0,29%,,,100001,7000000,100 001–7 000 000 ₽,1460,1825,4y,5y,4,,,,,,,,
19864,21115903,credit,Базовый,Базовый,https://www.banki.ru/products/credits/credit/211159/,https://cdn.banki.ru/cdn/bank/191203_mobile_logo_url.png,26.02.2026 12:31,191203,1912031,bank,Примсоцбанк,https://cdn.banki.ru/cdn/bank/191203_mobile_logo_url.png,2733,www.pskb.com,8 800 350-42-02,"690106, Приморский край, г. Владивосток, Партизанский пр-т, д. 44",primsotsbank,RUB,https://www.banki.ru/products/credits/credit/211159/,29.0,29.0,29%,,,100001,2000000,100 001–2 000 000 ₽,1460,1825,4y,5y,4,,,,,,,,
16750,51703,credit,Оптимальный (с обеспечением),Оптимальный (с обеспечением),https://www.banki.ru/products/credits/credit/517/,https://cdn.banki.ru/cdn/bank/191203_mobile_logo_url.png,26.02.2026 12:16,191203,1912031,bank,Примсоцбанк,https://cdn.banki.ru/cdn/bank/191203_mobile_logo_url.png,2733,www.pskb.com,8 800 350-42-02,"690106, Приморский край, г. Владивосток, Партизанский пр-т, д. 44",primsotsbank,RUB,https://www.banki.ru/products/credits/credit/517/,31.9,31.9,"31,9%",,,30000,7000000,30 000–7 000 000 ₽,397,1825,13m,5y,4,,,,,,,,
16749,51603,credit,Оптимальный,Оптимальный,https://www.banki.ru/products/credits/credit/516/,https://cdn.banki.ru/cdn/bank/191203_mobile_logo_url.png,26.02.2026 12:16,191203,1912031,bank,Примсоцбанк,https://cdn.banki.ru/cdn/bank/191203_mobile_logo_url.png,2733,www.pskb.com,8 800 350-42-02,"690106, Приморский край, г. Владивосток, Партизанский пр-т, д. 44",primsotsbank,RUB,https://www.banki.ru/products/credits/credit/516/,31.9,31.9,"31,9%",,,30000,2000000,30 000–2 000 000 ₽,397,1825,13m,5y,4,,,,,,,,
17082,477703,credit,Экспресс–кредит,Экспресс–кредит,https://www.banki.ru/products/credits/credit/4777/,https://cdn.banki.ru/cdn/bank/191203_mobile_logo_url.png,26.02.2026 12:51,191203,1912031,bank,Примсоцбанк,https://cdn.banki.ru/cdn/bank/191203_mobile_logo_url.png,2733,www.pskb.com,8 800 350-42-02,"690106, Приморский край, г. Владивосток, Партизанский пр-т, д. 44",primsotsbank,RUB,https://www.banki.ru/products/credits/credit/4777/,34.0,34.0,34%,,,10000,100000,10 000–100 000 ₽,30,730,1m,2y,4,,,,,,,,
17143,501003,credit,Акционный,Акционный,https://www.banki.ru/products/credits/credit/5010/,https://cdn.banki.ru/cdn/bank/189187_mobile_logo_url.png,20.02.2026 14:57,189187,1891871,bank,Солид Банк,https://cdn.banki.ru/cdn/bank/189187_mobile_logo_url.png,1329,www.solidbank.ru,8 800 775-56-06,"690091, г. Владивосток, ул. Алеутская, д. 33",solid-bank,RUB,https://www.banki.ru/products/credits/credit/5010/,21.9,33.9,"21,9–33,9%",,,50000,1500000,50 000–1 500 000 ₽,366,1825,19m,5y,4,,,,,,,,
16958,414303,credit,Пенсионный,Пенсионный,https://www.banki.ru/products/credits/credit/4143/,https://cdn.banki.ru/cdn/bank/189187_mobile_logo_url.png,20.02.2026 14:58,189187,1891871,bank,Солид Банк,https://cdn.banki.ru/cdn/bank/189187_mobile_logo_url.png,1329,www.solidbank.ru,8 800 775-56-06,"690091, г. Владивосток, ул. Алеутская, д. 33",solid-bank,RUB,https://www.banki.ru/products/credits/credit/4143/,24.4,36.4,"24,4–36,4%",,,30000,500000,30 000–500 000 ₽,365,1825,1y,5y,4,,,,,,,,
17340,20074103,credit,Для сотрудников других банков (с обеспечением),Для сотрудников других банков (с обеспечением),https://www.banki.ru/products/credits/credit/200741/,https://cdn.banki.ru/cdn/bank/189187_mobile_logo_url.png,20.02.2026 14:56,189187,1891871,bank,Солид Банк,https://cdn.banki.ru/cdn/bank/189187_mobile_logo_url.png,1329,www.solidbank.ru,8 800 775-56-06,"690091, г. Владивосток, ул. Алеутская, д. 33",solid-bank,RUB,https://www.banki.ru/products/credits/credit/200741/,25.9,35.9,"25,9–35,9%",,,50000,10000000,50 000–10 000 000 ₽,365,2555,1m5y,7y,4,,,,,,,,
17339,20074003,credit,Для сотрудников других банков,Для сотрудников других банков,https://www.banki.ru/products/credits/credit/200740/,https://cdn.banki.ru/cdn/bank/189187_mobile_logo_url.png,20.02.2026 14:56,189187,1891871,bank,Солид Банк,https://cdn.banki.ru/cdn/bank/189187_mobile_logo_url.png,1329,www.solidbank.ru,8 800 775-56-06,"690091, г. Владивосток, ул. Алеутская, д. 33",solid-bank,RUB,https://www.banki.ru/products/credits/credit/200740/,25.9,35.9,"25,9–35,9%",,,50000,1000000,50 000–1 000 000 ₽,365,1825,1y,5y,4,,,,,,,,
16835,315003,credit,Отличное решение (с обеспечением),Отличное решение (с обеспечением),https://www.banki.ru/products/credits/credit/3150/,https://cdn.banki.ru/cdn/bank/189187_mobile_logo_url.png,20.02.2026 14:50,189187,1891871,bank,Солид Банк,https://cdn.banki.ru/cdn/bank/189187_mobile_logo_url.png,1329,www.solidbank.ru,8 800 775-56-06,"690091, г. Владивосток, ул. Алеутская, д. 33",solid-bank,RUB,https://www.banki.ru/products/credits/credit/3150/,28.9,35.9,"28,9–35,9%",,,1000001,3000000,1 000 001–3 000 000 ₽,365,1825,1y,5y,4,,,,,,,,
16834,314903,credit,Отличное решение,Отличное решение,https://www.banki.ru/products/credits/credit/3149/,https://cdn.banki.ru/cdn/bank/189187_mobile_logo_url.png,20.02.2026 14:49,189187,1891871,bank,Солид Банк,https://cdn.banki.ru/cdn/bank/189187_mobile_logo_url.png,1329,www.solidbank.ru,8 800 775-56-06,"690091, г. Владивосток, ул. Алеутская, д. 33",solid-bank,RUB,https://www.banki.ru/products/credits/credit/3149/,28.9,37.9,"28,9–37,9%",,,50000,1000000,50 000–1 000 000 ₽,365,1825,1y,5y,4,,,,,,,,
19340,304103,credit,Под залог недвижимого имущества,Под залог недвижимого имущества,https://www.banki.ru/products/credits/credit/3041/,https://cdn.banki.ru/cdn/bank/12092_mobile_logo_url.png,26.02.2026 18:52,12092,120921,bank,ББР Банк,https://cdn.banki.ru/cdn/bank/12092_mobile_logo_url.png,2929,www.bbr.ru,8 800 220-40-00,"121099, Москва, 1-й Николощеповский пер., 6, стр. 1",bbrbank,RUB,https://www.banki.ru/products/credits/credit/3041/,22.0,23.2,"22–23,2%",,,1000000,30000000,1 000 000–30 000 000 ₽,1095,3650,3y,10y,4,,,,,,,,
16911,377803,credit,Под залог движимого имущества,Под залог движимого имущества,https://www.banki.ru/products/credits/credit/3778/,https://cdn.banki.ru/cdn/bank/12092_mobile_logo_url.png,26.02.2026 18:55,12092,120921,bank,ББР Банк,https://cdn.banki.ru/cdn/bank/12092_mobile_logo_url.png,2929,www.bbr.ru,8 800 220-40-00,"121099, Москва, 1-й Николощеповский пер., 6, стр. 1",bbrbank,RUB,https://www.banki.ru/products/credits/credit/3778/,23.0,23.9,"23–23,9%",,,450000,6000000,450 000–6 000 000 ₽,730,1825,2y,5y,4,,,,,,,,
19430,514003,credit,Под залог недвижимости,Под залог недвижимости,https://www.banki.ru/products/credits/credit/5140/,https://cdn.banki.ru/cdn/bank/191082_mobile_logo_url.png,27.02.2026 17:25,191082,1910821,bank,Банк «Приморье»,https://cdn.banki.ru/cdn/bank/191082_mobile_logo_url.png,3001,www.primbank.ru,8 800 200-20-86,"690091, Приморский край, г. Владивосток, ул. Светланская, д. 47",primorye,RUB,https://www.banki.ru/products/credits/credit/5140/,24.0,27.5,"24–27,5%",,,500000,30000000,500 000–30 000 000 ₽,397,5475,13m,15y,4,,,,,,,,
17216,514103,credit,Под залог авто,Под залог авто,https://www.banki.ru/products/credits/credit/5141/,https://cdn.banki.ru/cdn/bank/191082_mobile_logo_url.png,27.02.2026 17:21,191082,1910821,bank,Банк «Приморье»,https://cdn.banki.ru/cdn/bank/191082_mobile_logo_url.png,3001,www.primbank.ru,8 800 200-20-86,"690091, Приморский край, г. Владивосток, ул. Светланская, д. 47",primorye,RUB,https://www.banki.ru/products/credits/credit/5141/,26.0,29.5,"26–29,5%",,,500000,7000000,500 000–7 000 000 ₽,397,1825,13m,5y,4,,,,,,,,
17045,461803,credit,Наличными,Наличными,https://www.banki.ru/products/credits/credit/4618/,https://cdn.banki.ru/cdn/bank/191082_mobile_logo_url.png,27.02.2026 17:23,191082,1910821,bank,Банк «Приморье»,https://cdn.banki.ru/cdn/bank/191082_mobile_logo_url.png,3001,www.primbank.ru,8 800 200-20-86,"690091, Приморский край, г. Владивосток, ул. Светланская, д. 47",primorye,RUB,https://www.banki.ru/products/credits/credit/4618/,30.5,34.0,"30,5–34%",,,300000,2000000,300 000–2 000 000 ₽,396,1825,13m,5y,4,,,,,,,,
16868,345903,credit,Наличными — Акция,Наличными — Акция,https://www.banki.ru/products/credits/credit/3459/,https://cdn.banki.ru/cdn/bank/192841_mobile_logo_url.png,26.02.2026 17:06,192841,1928411,bank,Энергобанк,https://cdn.banki.ru/cdn/bank/192841_mobile_logo_url.png,67,www.energobank.ru,8 800-350-54-58,"420111, г. Казань, ул. Пушкина, д. 13/52",energobank,RUB,https://www.banki.ru/products/credits/credit/3459/,25.5,32.0,"25,5–32%",,,100000,2500000,100 000–2 500 000 ₽,397,2555,13m,7y,4,,,,,,,,
19405,494503,credit,Под залог недвижимости,Под залог недвижимости,https://www.banki.ru/products/credits/credit/4945/,https://cdn.banki.ru/cdn/bank/2631_mobile_logo_url.png,24.02.2026 19:24,2631,26311,bank,Экспобанк,https://cdn.banki.ru/cdn/bank/2631_mobile_logo_url.png,2998,expobank.ru,8 800 500-07-70,"115054, г. Москва, наб Космодамианская, д. 52 стр. 7",expobank,RUB,https://www.banki.ru/products/credits/credit/4945/,22.0,24.0,22–24%,,,500000,30000000,500 000–30 000 000 ₽,365,5475,1y,15y,4,,,,,,,,
16737,10303,credit,Под залог авто,Под залог авто,https://www.banki.ru/products/credits/credit/103/,https://cdn.banki.ru/cdn/bank/2631_mobile_logo_url.png,24.02.2026 19:15,2631,26311,bank,Экспобанк,https://cdn.banki.ru/cdn/bank/2631_mobile_logo_url.png,2998,expobank.ru,8 800 500-07-70,"115054, г. Москва, наб Космодамианская, д. 52 стр. 7",expobank,RUB,https://www.banki.ru/products/credits/credit/103/,24.0,24.0,24%,,,100000,7000000,100 000–7 000 000 ₽,30,1095,1m,3y,4,,,,,,,,
