productId,productUid,productType,productName,name,url,smallImage,updatedAt,partner_id,partner_uid,partner_type,partner_name,partner_image,partner_license,partner_url,partner_phone,partner_address,partner_code,meta_currency,meta_detailLink,meta_rateMin,meta_rateMax,meta_rateRange,meta_fullCreditRateMin,meta_fullCreditRateMax,meta_amountMin,meta_amountMax,meta_amountRange,meta_termMin,meta_termMax,meta_periodFromNotation,meta_periodToNotation,meta_termUnit,meta_issuanceCostMin,meta_issuanceCostMax,meta_annualServiceMin,meta_annualServiceMax,meta_cashWithdrawalsAtAtms,meta_cashWithdrawalsAtOtherBankAtms,meta_initialFeeMin,meta_initialFeeMax
16731,103,credit,На любые цели,На любые цели,https://www.banki.ru/products/credits/credit/1/,https://cdn.banki.ru/cdn/bank/322_mobile_logo_url.png,20.08.2026 13:22,322,3221,bank,Сбербанк,https://cdn.banki.ru/cdn/bank/322_mobile_logo_url.png,1481,www.sberbank.ru,8 800 555-55-50,"117997, г. Москва, ул. Вавилова, д. 19",sberbank,RUB,https://www.banki.ru/products/credits/credit/1/,18.4,49.9,"18,4–49,9%",,,10000,30000000,10 000–30 000 000 ₽,31,1825,1m,5y,4,,,,,,,,
19311,403,credit,На любые цели под залог недвижимости,На любые цели под залог недвижимости,https://www.banki.ru/products/credits/credit/4/,https://cdn.banki.ru/cdn/bank/322_mobile_logo_url.png,21.08.2026 12:54,322,3221,bank,Сбербанк,https://cdn.banki.ru/cdn/bank/322_mobile_logo_url.png,1481,www.sberbank.ru,8 800 555-55-50,"117997, г. Москва, ул. Вавилова, д. 19",sberbank,RUB,https://www.banki.ru/products/credits/credit/4/,16.2,29.722,"16,2–29,722%",,,200000,20000000,200 000–20 000 000 ₽,365,10950,1y,30y,4,,,,,,,,
16741,17903,credit,Образовательный,Образовательный,https://www.banki.ru/products/credits/credit/179/,https://cdn.banki.ru/cdn/bank/322_mobile_logo_url.png,05.08.2026 17:31,322,3221,bank,Сбербанк,https://cdn.banki.ru/cdn/bank/322_mobile_logo_url.png,1481,www.sberbank.ru,8 800 555-55-50,"117997, г. Москва, ул. Вавилова, д. 19",sberbank,RUB,https://www.banki.ru/products/credits/credit/179/,3.0,3.0,3%,,,10000,10000000,10 000–10 000 000 ₽,5475,5475,15y,15y,4,,,,,,,,
17600,20100203,credit,Прайм «Специальный»,Прайм «Специальный»,https://www.banki.ru/products/credits/credit/201002/,https://cdn.banki.ru/cdn/bank/76620_mobile_logo_url.png,21.08.2026 13:39,76620,766201,bank,Совкомбанк,https://cdn.banki.ru/cdn/bank/76620_mobile_logo_url.png,963,www.sovcombank.ru,8 800 100-00-06,"156000, г. Кострома, просп. Текстильщиков, д. 46",sovcombank,RUB,https://www.banki.ru/products/credits/credit/201002/,14.9,39.9,"14,9–39,9%",,,30000,3000000,30 000–3 000 000 ₽,365,1825,1y,5y,4,,,,,,,,
17115,494603,credit,Прайм «Выгодный»,Прайм «Выгодный»,https://www.banki.ru/products/credits/credit/4946/,https://cdn.banki.ru/cdn/bank/76620_mobile_logo_url.png,21.08.2026 13:39,76620,766201,bank,Совкомбанк,https://cdn.banki.ru/cdn/bank/76620_mobile_logo_url.png,963,www.sovcombank.ru,8 800 100-00-06,"156000, г. Кострома, просп. Текстильщиков, д. 46",sovcombank,RUB,https://www.banki.ru/products/credits/credit/4946/,14.9,39.9,"14,9–39,9%",,,300000,5000000,300 000–5 000 000 ₽,365,1825,1y,5y,4,,,,,,,,
19409,500703,credit,«Выгодный»,«Выгодный»,https://www.banki.ru/products/credits/credit/5007/,https://cdn.banki.ru/cdn/bank/76620_mobile_logo_url.png,21.08.2026 12:48,76620,766201,bank,Совкомбанк,https://cdn.banki.ru/cdn/bank/76620_mobile_logo_url.png,963,www.sovcombank.ru,8 800 100-00-06,"156000, г. Кострома, просп. Текстильщиков, д. 46",sovcombank,RUB,https://www.banki.ru/products/credits/credit/5007/,19.9,19.9,"19,9%",,,200000,30000000,200 000–30 000 000 ₽,1095,5475,3y,15y,4,,,,,,,,
16934,394503,credit,Денежный кредит под залог авто «Выгодный»,Денежный кредит под залог авто «Выгодный»,https://www.banki.ru/products/credits/credit/3945/,https://cdn.banki.ru/cdn/bank/76620_mobile_logo_url.png,20.08.2026 12:53,76620,766201,bank,Совкомбанк,https://cdn.banki.ru/cdn/bank/76620_mobile_logo_url.png,963,www.sovcombank.ru,8 800 100-00-06,"156000, г. Кострома, просп. Текстильщиков, д. 46",sovcombank,RUB,https://www.banki.ru/products/credits/credit/3945/,14.9,39.9,"14,9–39,9%",,,150000,15000000,150 000–15 000 000 ₽,365,1825,1y,5y,4,,,,,,,,
17673,20107603,credit,Под залог авто,Под залог авто,https://www.banki.ru/products/credits/credit/201076/,https://cdn.banki.ru/cdn/bank/76620_mobile_logo_url.png,20.08.2026 12:52,76620,766201,bank,Совкомбанк,https://cdn.banki.ru/cdn/bank/76620_mobile_logo_url.png,963,www.sovcombank.ru,8 800 100-00-06,"156000, г. Кострома, просп. Текстильщиков, д. 46",sovcombank,RUB,https://www.banki.ru/products/credits/credit/201076/,19.4,30.9,"19,4–30,9%",,,100000,15000000,100 000–15 000 000 ₽,365,3650,1y,10y,4,,,,,,,,
17630,20103303,credit,Прайм Хит,Прайм Хит,https://www.banki.ru/products/credits/credit/201033/,https://cdn.banki.ru/cdn/bank/76620_mobile_logo_url.png,21.08.2026 13:36,76620,766201,bank,Совкомбанк,https://cdn.banki.ru/cdn/bank/76620_mobile_logo_url.png,963,www.sovcombank.ru,8 800 100-00-06,"156000, г. Кострома, просп. Текстильщиков, д. 46",sovcombank,RUB,https://www.banki.ru/products/credits/credit/201033/,14.9,39.9,"14,9–39,9%",,,300000,5000000,300 000–5 000 000 ₽,365,1825,1y,5y,4,,,,,,,,
16833,306303,credit,Пенсионный плюс,Пенсионный плюс,https://www.banki.ru/products/credits/credit/3063/,https://cdn.banki.ru/cdn/bank/76620_mobile_logo_url.png,21.08.2026 13:35,76620,766201,bank,Совкомбанк,https://cdn.banki.ru/cdn/bank/76620_mobile_logo_url.png,963,www.sovcombank.ru,8 800 100-00-06,"156000, г. Кострома, просп. Текстильщиков, д. 46",sovcombank,RUB,https://www.banki.ru/products/credits/credit/3063/,19.9,32.9,"19,9–32,9%",,,49999,399999,49 999–399 999 ₽,365,1825,5y,5y,4,,,,,,,,
19367,394403,credit,Под залог недвижимости,Под залог недвижимости,https://www.banki.ru/products/credits/credit/3944/,https://cdn.banki.ru/cdn/bank/76620_mobile_logo_url.png,21.08.2026 12:49,76620,766201,bank,Совкомбанк,https://cdn.banki.ru/cdn/bank/76620_mobile_logo_url.png,963,www.sovcombank.ru,8 800 100-00-06,"156000, г. Кострома, просп. Текстильщиков, д. 46",sovcombank,RUB,https://www.banki.ru/products/credits/credit/3944/,28.9,32.4,"28,9–32,4%",,,200000,30000000,200 000–30 000 000 ₽,1095,5475,3y,15y,4,,,,,,,,
16814,277003,credit,Стандартный плюс,Стандартный плюс,https://www.banki.ru/products/credits/credit/2770/,https://cdn.banki.ru/cdn/bank/76620_mobile_logo_url.png,21.08.2026 13:37,76620,766201,bank,Совкомбанк,https://cdn.banki.ru/cdn/bank/76620_mobile_logo_url.png,963,www.sovcombank.ru,8 800 100-00-06,"156000, г. Кострома, просп. Текстильщиков, д. 46",sovcombank,RUB,https://www.banki.ru/products/credits/credit/2770/,19.9,33.9,"19,9–33,9%",,,49999,399999,49 999–399 999 ₽,365,1825,5y,5y,4,,,,,,,,
17033,458803,credit,Супер плюс,Супер плюс,https://www.banki.ru/products/credits/credit/4588/,https://cdn.banki.ru/cdn/bank/76620_mobile_logo_url.png,20.08.2026 12:51,76620,766201,bank,Совкомбанк,https://cdn.banki.ru/cdn/bank/76620_mobile_logo_url.png,963,www.sovcombank.ru,8 800 100-00-06,"156000, г. Кострома, просп. Текстильщиков, д. 46",sovcombank,RUB,https://www.banki.ru/products/credits/credit/4588/,18.9,31.9,"18,9–31,9%",,,200000,3000000,200 000–3 000 000 ₽,549,1825,18m,5y,4,,,,,,,,
19810,21114903,credit,Классика,Классика,https://www.banki.ru/products/credits/credit/211149/,https://cdn.banki.ru/cdn/bank/351_mobile_logo_url.png,21.08.2026 13:11,351,3511,bank,Русский Стандарт,https://cdn.banki.ru/cdn/bank/351_mobile_logo_url.png,2289,www.rsb.ru,+7 (495) 748-07-48,"105187, г. Москва, ул. Ткацкая, д. 36",rsb,RUB,https://www.banki.ru/products/credits/credit/211149/,16.9,51.0,"16,9–51%",,,30000,3000000,30 000–3 000 000 ₽,30,1825,1m,5y,4,,,,,,,,
19506,20111403,credit,Под залог недвижимости,Под залог недвижимости,https://www.banki.ru/products/credits/credit/201114/,https://cdn.banki.ru/cdn/bank/351_mobile_logo_url.png,03.08.2026 18:21,351,3511,bank,Русский Стандарт,https://cdn.banki.ru/cdn/bank/351_mobile_logo_url.png,2289,www.rsb.ru,+7 (495) 748-07-48,"105187, г. Москва, ул. Ткацкая, д. 36",rsb,RUB,https://www.banki.ru/products/credits/credit/201114/,22.9,33.0,"22,9–33%",,,500000,10000000,500 000–10 000 000 ₽,183,3650,6m,10y,4,,,,,,,,
18157,20111303,credit,Под залог авто,Под залог авто,https://www.banki.ru/products/credits/credit/201113/,https://cdn.banki.ru/cdn/bank/351_mobile_logo_url.png,10.08.2026 12:28,351,3511,bank,Русский Стандарт,https://cdn.banki.ru/cdn/bank/351_mobile_logo_url.png,2289,www.rsb.ru,+7 (495) 748-07-48,"105187, г. Москва, ул. Ткацкая, д. 36",rsb,RUB,https://www.banki.ru/products/credits/credit/201113/,24.9,35.0,"24,9–35%",,,30000,3000000,30 000–3 000 000 ₽,31,3650,1m,10y,4,,,,,,,,
16978,424703,credit,Наличными,Наличными,https://www.banki.ru/products/credits/credit/4247/,https://cdn.banki.ru/cdn/bank/351_mobile_logo_url.png,11.08.2026 15:21,351,3511,bank,Русский Стандарт,https://cdn.banki.ru/cdn/bank/351_mobile_logo_url.png,2289,www.rsb.ru,+7 (495) 748-07-48,"105187, г. Москва, ул. Ткацкая, д. 36",rsb,RUB,https://www.banki.ru/products/credits/credit/4247/,24.9,65.0,"24,9–65%",,,30000,3000000,30 000–3 000 000 ₽,31,1825,1m,5y,4,,,,,,,,
16989,433103,credit,Наличными ,Наличными ,https://www.banki.ru/products/credits/credit/4331/,https://cdn.banki.ru/cdn/bank/327_mobile_logo_url.png,21.08.2026 13:31,327,3271,bank,ВТБ,https://cdn.banki.ru/cdn/bank/327_mobile_logo_url.png,1000,www.vtb.ru,8 800 200-77-99,"190000, г. Санкт-Петербург, ул. Большая Морская, д. 29",vtb,RUB,https://www.banki.ru/products/credits/credit/4331/,3.7,40.9,"3,7–40,9%",,,100001,7000000,100 001–7 000 000 ₽,183,1825,6m,5y,4,,,,,,,,
17067,471603,credit,Экспресс,Экспресс,https://www.banki.ru/products/credits/credit/4716/,https://cdn.banki.ru/cdn/bank/327_mobile_logo_url.png,21.08.2026 13:32,327,3271,bank,ВТБ,https://cdn.banki.ru/cdn/bank/327_mobile_logo_url.png,1000,www.vtb.ru,8 800 200-77-99,"190000, г. Санкт-Петербург, ул. Большая Морская, д. 29",vtb,RUB,https://www.banki.ru/products/credits/credit/4716/,25.4,55.9,"25,4–55,9%",,,30000,100000,30 000–100 000 ₽,183,1825,6m,5y,4,,,,,,,,
17615,20101803,credit,Под залог автомобиля,Под залог автомобиля,https://www.banki.ru/products/credits/credit/201018/,https://cdn.banki.ru/cdn/bank/327_mobile_logo_url.png,10.08.2026 14:36,327,3271,bank,ВТБ,https://cdn.banki.ru/cdn/bank/327_mobile_logo_url.png,1000,www.vtb.ru,8 800 200-77-99,"190000, г. Санкт-Петербург, ул. Большая Морская, д. 29",vtb,RUB,https://www.banki.ru/products/credits/credit/201018/,21.0,34.7,"21–34,7%",,,100001,40000000,100 001–40 000 000 ₽,183,1825,6m,5y,4,,,,,,,,
19384,445103,credit,Залоговый+,Залоговый+,https://www.banki.ru/products/credits/credit/4451/,https://cdn.banki.ru/cdn/bank/193292_mobile_logo_url.png,21.08.2026 12:22,193292,1932921,bank,Норвик Банк,https://cdn.banki.ru/cdn/bank/193292_mobile_logo_url.png,902,norvikbank.ru,8 800 100-17-77,"115054, г. Москва, ул. Зацепский Вал, д. 5",norvik-bank,RUB,https://www.banki.ru/products/credits/credit/4451/,16.5,40.0,"16,5–40%",,,500000,20000000,500 000–20 000 000 ₽,31,7300,1m,20y,4,,,,,,,,
20452,20116803,credit,Залоговый+,Залоговый+,https://www.banki.ru/products/credits/credit/201168/,https://cdn.banki.ru/cdn/bank/193292_mobile_logo_url.png,21.08.2026 12:18,193292,1932921,bank,Норвик Банк,https://cdn.banki.ru/cdn/bank/193292_mobile_logo_url.png,902,norvikbank.ru,8 800 100-17-77,"115054, г. Москва, ул. Зацепский Вал, д. 5",norvik-bank,RUB,https://www.banki.ru/products/credits/credit/201168/,16.5,40.0,"16,5–40%",,,500000,20000000,500 000–20 000 000 ₽,31,7300,1m,20y,4,,,,,,,,
19334,284103,credit,Под залог недвижимости для новых клиентов,Под залог недвижимости для новых клиентов,https://www.banki.ru/products/credits/credit/2841/,https://cdn.banki.ru/cdn/bank/325_mobile_logo_url.png,21.08.2026 12:46,325,3251,bank,Альфа-Банк,https://cdn.banki.ru/cdn/bank/325_mobile_logo_url.png,1326,www.alfabank.ru,8 800 200-00-00,"107078, г. Москва, ул. Каланчевская, д. 27",alfabank,RUB,https://www.banki.ru/products/credits/credit/2841/,17.4,27.9,"17,4–27,9%",,,500000,30000000,500 000–30 000 000 ₽,365,5475,1y,15y,4,,,,,,,,
20360,20116403,credit,На любые цели под залог недвижимости,На любые цели под залог недвижимости,https://www.banki.ru/products/credits/credit/201164/,https://cdn.banki.ru/cdn/bank/325_mobile_logo_url.png,21.08.2026 12:46,325,3251,bank,Альфа-Банк,https://cdn.banki.ru/cdn/bank/325_mobile_logo_url.png,1326,www.alfabank.ru,8 800 200-00-00,"107078, г. Москва, ул. Каланчевская, д. 27",alfabank,RUB,https://www.banki.ru/products/credits/credit/201164/,17.4,27.9,"17,4–27,9%",,,500000,30000000,500 000–30 000 000 ₽,365,5475,1y,15y,4,,,,,,,,
19855,20115603,credit,На любые цели под залог,На любые цели под залог,https://www.banki.ru/products/credits/credit/201156/,https://cdn.banki.ru/cdn/bank/325_mobile_logo_url.png,21.08.2026 12:46,325,3251,bank,Альфа-Банк,https://cdn.banki.ru/cdn/bank/325_mobile_logo_url.png,1326,www.alfabank.ru,8 800 200-00-00,"107078, г. Москва, ул. Каланчевская, д. 27",alfabank,RUB,https://www.banki.ru/products/credits/credit/201156/,17.4,27.9,"17,4–27,9%",,,500000,30000000,500 000–30 000 000 ₽,365,5475,1y,15y,4,,,,,,,,
18848,20113503,credit,Наличными (для новых клиентов),Наличными (для новых клиентов),https://www.banki.ru/products/credits/credit/201135/,https://cdn.banki.ru/cdn/bank/325_mobile_logo_url.png,20.08.2026 12:43,325,3251,bank,Альфа-Банк,https://cdn.banki.ru/cdn/bank/325_mobile_logo_url.png,1326,www.alfabank.ru,8 800 200-00-00,"107078, г. Москва, ул. Каланчевская, д. 27",alfabank,RUB,https://www.banki.ru/products/credits/credit/201135/,18.99,55.89,"18,99–55,89%",,,30000,7500000,30 000–7 500 000 ₽,365,1825,5y,5y,4,,,,,,,,
20284,21118603,credit,Наличными (без визита в банк),Наличными (без визита в банк),https://www.banki.ru/products/credits/credit/211186/,https://cdn.banki.ru/cdn/bank/325_mobile_logo_url.png,20.08.2026 12:43,325,3251,bank,Альфа-Банк,https://cdn.banki.ru/cdn/bank/325_mobile_logo_url.png,1326,www.alfabank.ru,8 800 200-00-00,"107078, г. Москва, ул. Каланчевская, д. 27",alfabank,RUB,https://www.banki.ru/products/credits/credit/211186/,18.99,55.99,"18,99–55,99%",,,30000,7500000,30 000–7 500 000 ₽,365,1825,5y,5y,4,,,,,,,,
20556,21119703,credit,Партнерский продукт «Финансирование с низким чеком»,Партнерский продукт «Финансирование с низким чеком»,https://www.banki.ru/products/credits/credit/211197/,https://cdn.banki.ru/cdn/bank/325_mobile_logo_url.png,20.08.2026 12:43,325,3251,bank,Альфа-Банк,https://cdn.banki.ru/cdn/bank/325_mobile_logo_url.png,1326,www.alfabank.ru,8 800 200-00-00,"107078, г. Москва, ул. Каланчевская, д. 27",alfabank,RUB,https://www.banki.ru/products/credits/credit/211197/,29.5,157.5,"29,5–157,5%",,,10000,500000,10 000–500 000 ₽,183,1825,6m,5y,4,,,,,,,,
19449,524303,credit,Под залог квартиры,Под залог квартиры,https://www.banki.ru/products/credits/credit/5243/,https://cdn.banki.ru/cdn/bank/11948217_mobile_logo_url.png,21.08.2026 08:52,11948217,119482171,bank,Credit.Club,https://cdn.banki.ru/cdn/bank/11948217_mobile_logo_url.png,—,credit.club,8 800-775-80-09,"г. Екатеринбург, ул. Малышева, 51
",creditclub,RUB,https://www.banki.ru/products/credits/credit/5243/,16.9,26.9,"16,9–26,9%",,,300000,15000000,300 000–15 000 000 ₽,365,7300,1y,20y,4,,,,,,,,
19489,20107003,credit,Твоя ипотека,Твоя ипотека,https://www.banki.ru/products/credits/credit/201070/,https://cdn.banki.ru/cdn/bank/196704_mobile_logo_url.png,21.08.2026 12:27,196704,1967041,bank,Банк НООСФЕРА,https://cdn.banki.ru/cdn/bank/196704_mobile_logo_url.png,2650,www.noosferabank.ru,8 800 533-36-03,"141109, Московская обл., г. Щелково, ул. Талсинская, д. 59, стр. 3а",noosfera,RUB,https://www.banki.ru/products/credits/credit/201070/,19.5,48.0,"19,5–48%",,,500000,150000000,500 000–150 000 000 ₽,30,5475,1m,15y,4,,,,,,,,
19349,342703,credit,Под залог (недвижимости),Под залог (недвижимости),https://www.banki.ru/products/credits/credit/3427/,https://cdn.banki.ru/cdn/bank/195706_mobile_logo_url.png,21.08.2026 12:32,195706,1957061,bank,Т-Банк,https://cdn.banki.ru/cdn/bank/195706_mobile_logo_url.png,2673,www.tbank.ru,8 800 555-10-10,"127287, г. Москва, ул. 2-я Хуторская, д.38А, стр.26",tcs,RUB,https://www.banki.ru/products/credits/credit/3427/,17.9,31.9,"17,9–31,9%",,,200000,30000000,200 000–30 000 000 ₽,365,5475,1y,15y,4,,,,,,,,
17588,20098903,credit,Наличными,Наличными,https://www.banki.ru/products/credits/credit/200989/,https://cdn.banki.ru/cdn/bank/195706_mobile_logo_url.png,20.08.2026 12:25,195706,1957061,bank,Т-Банк,https://cdn.banki.ru/cdn/bank/195706_mobile_logo_url.png,2673,www.tbank.ru,8 800 555-10-10,"127287, г. Москва, ул. 2-я Хуторская, д.38А, стр.26",tcs,RUB,https://www.banki.ru/products/credits/credit/200989/,19.9,40.0,"19,9–40%",,,50000,5000000,50 000–5 000 000 ₽,365,1825,1y,5y,4,,,,,,,,
17037,459703,credit,Под залог (авто),Под залог (авто),https://www.banki.ru/products/credits/credit/4597/,https://cdn.banki.ru/cdn/bank/195706_mobile_logo_url.png,20.08.2026 12:29,195706,1957061,bank,Т-Банк,https://cdn.banki.ru/cdn/bank/195706_mobile_logo_url.png,2673,www.tbank.ru,8 800 555-10-10,"127287, г. Москва, ул. 2-я Хуторская, д.38А, стр.26",tcs,RUB,https://www.banki.ru/products/credits/credit/4597/,19.9,32.9,"19,9–32,9%",,,100000,7000000,100 000–7 000 000 ₽,365,2555,1y,7y,4,,,,,,,,
17349,20075003,credit,На высшее образование,На высшее образование,https://www.banki.ru/products/credits/credit/200750/,https://cdn.banki.ru/cdn/bank/195706_mobile_logo_url.png,10.08.2026 11:46,195706,1957061,bank,Т-Банк,https://cdn.banki.ru/cdn/bank/195706_mobile_logo_url.png,2673,www.tbank.ru,8 800 555-10-10,"127287, г. Москва, ул. 2-я Хуторская, д.38А, стр.26",tcs,RUB,https://www.banki.ru/products/credits/credit/200750/,3.0,3.0,3%,,,5000,6000000,5 000–6 000 000 ₽,365,9125,1y,25y,4,,,,,,,,
16872,347403,credit,Наличными,Наличными,https://www.banki.ru/products/credits/credit/3474/,https://cdn.banki.ru/cdn/bank/9011_mobile_logo_url.png,21.08.2026 13:28,9011,90111,bank,Металлинвестбанк,https://cdn.banki.ru/cdn/bank/9011_mobile_logo_url.png,2440,www.metallinvestbank.ru,8 800 250-97-97,"119180, г. Москва, ул. Большая Полянка, д. 47, стр. 2",metallinvestbank,RUB,https://www.banki.ru/products/credits/credit/3474/,18.1,33.0,"18,1–33%",,,30000,3000000,30 000–3 000 000 ₽,183,1825,6m,5y,4,,,,,,,,
19754,20115003,credit,Под залог недвижимости,Под залог недвижимости,https://www.banki.ru/products/credits/credit/201150/,https://cdn.banki.ru/cdn/bank/9011_mobile_logo_url.png,03.08.2026 18:21,9011,90111,bank,Металлинвестбанк,https://cdn.banki.ru/cdn/bank/9011_mobile_logo_url.png,2440,www.metallinvestbank.ru,8 800 250-97-97,"119180, г. Москва, ул. Большая Полянка, д. 47, стр. 2",metallinvestbank,RUB,https://www.banki.ru/products/credits/credit/201150/,20.5,21.5,"20,5–21,5%",,,500000,15000000,500 000–15 000 000 ₽,365,10950,1y,30y,4,,,,,,,,
16733,1303,credit,Наличными,Наличными,https://www.banki.ru/products/credits/credit/13/,https://cdn.banki.ru/cdn/bank/863_mobile_logo_url.png,20.08.2026 12:44,863,8631,bank,Банк ЗЕНИТ,https://cdn.banki.ru/cdn/bank/863_mobile_logo_url.png,3255,www.zenit.ru,8 800 500-66-77,"117638, г. Москва, Одесская ул., д. 2",zenit,RUB,https://www.banki.ru/products/credits/credit/13/,14.5,37.9,"14,5–37,9%",,,100000,5000000,100 000–5 000 000 ₽,1095,1825,3y,5y,4,,,,,,,,
16972,422103,credit,Экспресс,Экспресс,https://www.banki.ru/products/credits/credit/4221/,https://cdn.banki.ru/cdn/bank/863_mobile_logo_url.png,05.08.2026 11:21,863,8631,bank,Банк ЗЕНИТ,https://cdn.banki.ru/cdn/bank/863_mobile_logo_url.png,3255,www.zenit.ru,8 800 500-66-77,"117638, г. Москва, Одесская ул., д. 2",zenit,RUB,https://www.banki.ru/products/credits/credit/4221/,16.5,45.9,"16,5–45,9%",,,50000,300000,50 000–300 000 ₽,397,1825,13m,5y,4,,,,,,,,
17162,505503,credit,Под залог авто,Под залог авто,https://www.banki.ru/products/credits/credit/5055/,https://cdn.banki.ru/cdn/bank/863_mobile_logo_url.png,05.08.2026 11:22,863,8631,bank,Банк ЗЕНИТ,https://cdn.banki.ru/cdn/bank/863_mobile_logo_url.png,3255,www.zenit.ru,8 800 500-66-77,"117638, г. Москва, Одесская ул., д. 2",zenit,RUB,https://www.banki.ru/products/credits/credit/5055/,22.5,33.5,"22,5–33,5%",,,300000,5000000,300 000–5 000 000 ₽,730,2555,2y,7y,4,,,,,,,,
25370,20116903,credit,Под залог недвижимости,Под залог недвижимости,https://www.banki.ru/products/credits/credit/201169/,https://cdn.banki.ru/cdn/card-designs/Frame_2136138409_6aa14f6f0a.png,21.08.2026 08:52,10,101,bank,ГК Согласованно,https://cdn.banki.ru/cdn/card-designs/Frame_2136138409_6aa14f6f0a.png,-,согласованно.рф,,"111250, г. Москва, пр-д Невельского, д. 1, к. 1",soglasovanno,RUB,https://www.banki.ru/products/credits/credit/201169/,15.5,59.99,"15,5–59,99%",,,2000000,35000000,2 000 000–35 000 000 ₽,1825,8030,5y,22y,4,,,,,,,,
19347,335203,credit,На любые цели под залог недвижимости,На любые цели под залог недвижимости,https://www.banki.ru/products/credits/credit/3352/,https://cdn.banki.ru/cdn/card-designs/ATB_6c3ba5efa1.png,21.08.2026 12:12,192833,1928331,bank,Азиатско-Тихоокеанский банк (АТБ),https://cdn.banki.ru/cdn/card-designs/ATB_6c3ba5efa1.png,1810,www.atb.su,8 800 775-88-88,"101000, г. Москва, Подсосенский пер., д. 30, стр. 3",atb,RUB,https://www.banki.ru/products/credits/credit/3352/,19.4,23.9,"19,4–23,9%",,,500000,40000000,500 000–40 000 000 ₽,1095,7300,3y,20y,4,,,,,,,,
16753,56103,credit,Наличными,Наличными,https://www.banki.ru/products/credits/credit/561/,https://cdn.banki.ru/cdn/bank/36119_mobile_logo_url.png,21.08.2026 13:31,36119,361191,bank,Ак Барс Банк,https://cdn.banki.ru/cdn/bank/36119_mobile_logo_url.png,2590,www.akbars.ru,8 800 200-53-03,"420066, г. Казань, ул. Декабристов, д. 1",akbars,RUB,https://www.banki.ru/products/credits/credit/561/,3.5,55.7,"3,5–55,7%",,,30000,5000000,30 000–5 000 000 ₽,365,1825,1y,5y,4,,,,,,,,
19315,57103,credit,Под залог недвижимости,Под залог недвижимости,https://www.banki.ru/products/credits/credit/571/,https://cdn.banki.ru/cdn/bank/36119_mobile_logo_url.png,21.08.2026 12:52,36119,361191,bank,Ак Барс Банк,https://cdn.banki.ru/cdn/bank/36119_mobile_logo_url.png,2590,www.akbars.ru,8 800 200-53-03,"420066, г. Казань, ул. Декабристов, д. 1",akbars,RUB,https://www.banki.ru/products/credits/credit/571/,19.9,24.0,"19,9–24%",,,500000,20000000,500 000–20 000 000 ₽,1095,5475,3y,15y,4,,,,,,,,
16893,362003,credit,Наличными,Наличными,https://www.banki.ru/products/credits/credit/3620/,https://cdn.banki.ru/cdn/bank/17266_mobile_logo_url.png,21.08.2026 13:17,17266,172661,bank,Ренессанс Банк,https://cdn.banki.ru/cdn/bank/17266_mobile_logo_url.png,3354,www.rencredit.ru,8 (495) 981-09-81,"115114, г. Москва, ул. Кожевническая, д. 14",rencredit,RUB,https://www.banki.ru/products/credits/credit/3620/,9.9,51.9,"9,9–51,9%",,,30000,2000000,30 000–2 000 000 ₽,730,2555,2y,7y,4,,,,,,,,
17085,480103,credit,На любые цели без визита в банк,На любые цели без визита в банк,https://www.banki.ru/products/credits/credit/4801/,https://cdn.banki.ru/cdn/bank/6055_mobile_logo_url.png,21.08.2026 13:16,6055,60551,bank,МТС Банк,https://cdn.banki.ru/cdn/bank/6055_mobile_logo_url.png,2268,www.mtsbank.ru,8 800 250-05-20,"115432, г. Москва, просп. Андропова, д. 18, корп. 1",mts-bank,RUB,https://www.banki.ru/products/credits/credit/4801/,10.9,39.9,"10,9–39,9%",,,20000,5000000,20 000–5 000 000 ₽,365,1825,1y,5y,4,,,,,,,,
19410,501403,credit,Под залог недвижимости,Под залог недвижимости,https://www.banki.ru/products/credits/credit/5014/,https://cdn.banki.ru/cdn/bank/6055_mobile_logo_url.png,06.08.2026 15:59,6055,60551,bank,МТС Банк,https://cdn.banki.ru/cdn/bank/6055_mobile_logo_url.png,2268,www.mtsbank.ru,8 800 250-05-20,"115432, г. Москва, просп. Андропова, д. 18, корп. 1",mts-bank,RUB,https://www.banki.ru/products/credits/credit/5014/,18.5,24.9,"18,5–24,9%",,,500000,10000000,500 000–10 000 000 ₽,365,5475,1y,15y,4,,,,,,,,
17629,20103203,credit,Под залог автомобиля,Под залог автомобиля,https://www.banki.ru/products/credits/credit/201032/,https://cdn.banki.ru/cdn/bank/6055_mobile_logo_url.png,05.08.2026 17:29,6055,60551,bank,МТС Банк,https://cdn.banki.ru/cdn/bank/6055_mobile_logo_url.png,2268,www.mtsbank.ru,8 800 250-05-20,"115432, г. Москва, просп. Андропова, д. 18, корп. 1",mts-bank,RUB,https://www.banki.ru/products/credits/credit/201032/,11.9,31.9,"11,9–31,9%",,,20000,5000000,20 000–5 000 000 ₽,365,1825,1y,5y,4,,,,,,,,
17172,507103,credit,Акционный,Акционный,https://www.banki.ru/products/credits/credit/5071/,https://cdn.banki.ru/cdn/bank/191203_mobile_logo_url.png,21.08.2026 13:09,191203,1912031,bank,Примсоцбанк,https://cdn.banki.ru/cdn/bank/191203_mobile_logo_url.png,2733,www.pskb.com,8 800 350-42-02,"690106, Приморский край, г. Владивосток, Партизанский пр-т, д. 44",primsotsbank,RUB,https://www.banki.ru/products/credits/credit/5071/,18.4,30.4,"18,4–30,4%",,,100000,2000000,100 000–2 000 000 ₽,1095,1825,3y,5y,4,,,,,,,,
19860,21115703,credit,Рациональный,Рациональный,https://www.banki.ru/products/credits/credit/211157/,https://cdn.banki.ru/cdn/bank/191203_mobile_logo_url.png,05.08.2026 16:34,191203,1912031,bank,Примсоцбанк,https://cdn.banki.ru/cdn/bank/191203_mobile_logo_url.png,2733,www.pskb.com,8 800 350-42-02,"690106, Приморский край, г. Владивосток, Партизанский пр-т, д. 44",primsotsbank,RUB,https://www.banki.ru/products/credits/credit/211157/,20.4,30.4,"20,4–30,4%",,,100000,2000000,100 000–2 000 000 ₽,730,1825,2y,5y,4,,,,,,,,
16749,51603,credit,Оптимальный,Оптимальный,https://www.banki.ru/products/credits/credit/516/,https://cdn.banki.ru/cdn/bank/191203_mobile_logo_url.png,05.08.2026 16:28,191203,1912031,bank,Примсоцбанк,https://cdn.banki.ru/cdn/bank/191203_mobile_logo_url.png,2733,www.pskb.com,8 800 350-42-02,"690106, Приморский край, г. Владивосток, Партизанский пр-т, д. 44",primsotsbank,RUB,https://www.banki.ru/products/credits/credit/516/,29.9,29.9,"29,9%",,,30000,2000000,30 000–2 000 000 ₽,397,1825,13m,5y,4,,,,,,,,
17038,459903,credit,Для пенсионеров,Для пенсионеров,https://www.banki.ru/products/credits/credit/4599/,https://cdn.banki.ru/cdn/bank/191203_mobile_logo_url.png,05.08.2026 16:32,191203,1912031,bank,Примсоцбанк,https://cdn.banki.ru/cdn/bank/191203_mobile_logo_url.png,2733,www.pskb.com,8 800 350-42-02,"690106, Приморский край, г. Владивосток, Партизанский пр-т, д. 44",primsotsbank,RUB,https://www.banki.ru/products/credits/credit/4599/,24.4,24.4,"24,4%",,,30000,2000000,30 000–2 000 000 ₽,183,1825,6m,5y,4,,,,,,,,
17082,477703,credit,Экспресс–кредит,Экспресс–кредит,https://www.banki.ru/products/credits/credit/4777/,https://cdn.banki.ru/cdn/bank/191203_mobile_logo_url.png,05.08.2026 16:33,191203,1912031,bank,Примсоцбанк,https://cdn.banki.ru/cdn/bank/191203_mobile_logo_url.png,2733,www.pskb.com,8 800 350-42-02,"690106, Приморский край, г. Владивосток, Партизанский пр-т, д. 44",primsotsbank,RUB,https://www.banki.ru/products/credits/credit/4777/,34.0,34.0,34%,,,10000,100000,10 000–100 000 ₽,30,730,1m,2y,4,,,,,,,,
19864,21115903,credit,Базовый,Базовый,https://www.banki.ru/products/credits/credit/211159/,https://cdn.banki.ru/cdn/bank/191203_mobile_logo_url.png,03.08.2026 12:29,191203,1912031,bank,Примсоцбанк,https://cdn.banki.ru/cdn/bank/191203_mobile_logo_url.png,2733,www.pskb.com,8 800 350-42-02,"690106, Приморский край, г. Владивосток, Партизанский пр-т, д. 44",primsotsbank,RUB,https://www.banki.ru/products/credits/credit/211159/,27.5,27.5,"27,5%",,,100000,2000000,100 000–2 000 000 ₽,1460,1825,4y,5y,4,,,,,,,,
19419,505103,credit,Под залог недвижимости,Под залог недвижимости,https://www.banki.ru/products/credits/credit/5051/,https://cdn.banki.ru/cdn/bank/191203_mobile_logo_url.png,05.08.2026 16:38,191203,1912031,bank,Примсоцбанк,https://cdn.banki.ru/cdn/bank/191203_mobile_logo_url.png,2733,www.pskb.com,8 800 350-42-02,"690106, Приморский край, г. Владивосток, Партизанский пр-т, д. 44",primsotsbank,RUB,https://www.banki.ru/products/credits/credit/5051/,20.6,21.6,"20,6–21,6%",,,500000,50000000,500 000–50 000 000 ₽,365,9125,1y,25y,4,,,,,,,,
19866,21116003,credit,Базовый (с обеспечением) ,Базовый (с обеспечением) ,https://www.banki.ru/products/credits/credit/211160/,https://cdn.banki.ru/cdn/bank/191203_mobile_logo_url.png,03.08.2026 12:29,191203,1912031,bank,Примсоцбанк,https://cdn.banki.ru/cdn/bank/191203_mobile_logo_url.png,2733,www.pskb.com,8 800 350-42-02,"690106, Приморский край, г. Владивосток, Партизанский пр-т, д. 44",primsotsbank,RUB,https://www.banki.ru/products/credits/credit/211160/,27.5,27.5,"27,5%",,,100000,7000000,100 000–7 000 000 ₽,1460,1825,4y,5y,4,,,,,,,,
19861,21115803,credit,Рациональный (с обеспечением),Рациональный (с обеспечением),https://www.banki.ru/products/credits/credit/211158/,https://cdn.banki.ru/cdn/bank/191203_mobile_logo_url.png,05.08.2026 16:34,191203,1912031,bank,Примсоцбанк,https://cdn.banki.ru/cdn/bank/191203_mobile_logo_url.png,2733,www.pskb.com,8 800 350-42-02,"690106, Приморский край, г. Владивосток, Партизанский пр-т, д. 44",primsotsbank,RUB,https://www.banki.ru/products/credits/credit/211158/,20.4,30.4,"20,4–30,4%",,,100000,5000000,100 000–5 000 000 ₽,730,1825,2y,5y,4,,,,,,,,
17039,460003,credit,Для пенсионеров (с обеспечением),Для пенсионеров (с обеспечением),https://www.banki.ru/products/credits/credit/4600/,https://cdn.banki.ru/cdn/bank/191203_mobile_logo_url.png,05.08.2026 16:32,191203,1912031,bank,Примсоцбанк,https://cdn.banki.ru/cdn/bank/191203_mobile_logo_url.png,2733,www.pskb.com,8 800 350-42-02,"690106, Приморский край, г. Владивосток, Партизанский пр-т, д. 44",primsotsbank,RUB,https://www.banki.ru/products/credits/credit/4600/,24.4,24.4,"24,4%",,,30000,7000000,30 000–7 000 000 ₽,183,1825,6m,5y,4,,,,,,,,
17201,511903,credit,Акционный (с обеспечением),Акционный (с обеспечением),https://www.banki.ru/products/credits/credit/5119/,https://cdn.banki.ru/cdn/bank/191203_mobile_logo_url.png,05.08.2026 16:29,191203,1912031,bank,Примсоцбанк,https://cdn.banki.ru/cdn/bank/191203_mobile_logo_url.png,2733,www.pskb.com,8 800 350-42-02,"690106, Приморский край, г. Владивосток, Партизанский пр-т, д. 44",primsotsbank,RUB,https://www.banki.ru/products/credits/credit/5119/,20.4,30.4,"20,4–30,4%",,,100000,5000000,100 000–5 000 000 ₽,1460,1825,4y,5y,4,,,,,,,,
16750,51703,credit,Оптимальный (с обеспечением),Оптимальный (с обеспечением),https://www.banki.ru/products/credits/credit/517/,https://cdn.banki.ru/cdn/bank/191203_mobile_logo_url.png,05.08.2026 16:29,191203,1912031,bank,Примсоцбанк,https://cdn.banki.ru/cdn/bank/191203_mobile_logo_url.png,2733,www.pskb.com,8 800 350-42-02,"690106, Приморский край, г. Владивосток, Партизанский пр-т, д. 44",primsotsbank,RUB,https://www.banki.ru/products/credits/credit/517/,29.9,29.9,"29,9%",,,30000,7000000,30 000–7 000 000 ₽,397,1825,13m,5y,4,,,,,,,,
19306,20113103,credit,Под залог недвижимости «Большая покупка»,Под залог недвижимости «Большая покупка»,https://www.banki.ru/products/credits/credit/201131/,https://cdn.banki.ru/cdn/bank/96003_mobile_logo_url.png,07.08.2026 16:07,96003,960031,bank,Банк Синара,https://cdn.banki.ru/cdn/bank/96003_mobile_logo_url.png,705,www.sinara.ru,8 800 100-06-00,"620026, г. Екатеринбург, ул. Куйбышева, д. 75",skb-bank,RUB,https://www.banki.ru/products/credits/credit/201131/,9.9,23.0,"9,9–23%",,,700000,13750000,700 000–13 750 000 ₽,365,5475,1y,15y,4,,,,,,,,
16757,64703,credit,Запросто,Запросто,https://www.banki.ru/products/credits/credit/647/,https://cdn.banki.ru/cdn/bank/96003_mobile_logo_url.png,11.08.2026 15:26,96003,960031,bank,Банк Синара,https://cdn.banki.ru/cdn/bank/96003_mobile_logo_url.png,705,www.sinara.ru,8 800 100-06-00,"620026, г. Екатеринбург, ул. Куйбышева, д. 75",skb-bank,RUB,https://www.banki.ru/products/credits/credit/647/,11.9,37.0,"11,9–37%",,,51000,5440000,51 000–5 440 000 ₽,365,1825,1y,5y,4,,,,,,,,
19357,377603,credit,На любые цели под залог недвижимости,На любые цели под залог недвижимости,https://www.banki.ru/products/credits/credit/3776/,https://cdn.banki.ru/cdn/bank/2764_mobile_logo_url.png,31.07.2026 16:08,2764,27641,bank,Газпромбанк,https://cdn.banki.ru/cdn/bank/2764_mobile_logo_url.png,354,www.gazprombank.ru,8 800 300-60-90,"117420, г. Москва, ул. Наметкина, д. 16, корп. 1.",gazprombank,RUB,https://www.banki.ru/products/credits/credit/3776/,20.6,28.6,"20,6–28,6%",,,500000,30000000,500 000–30 000 000 ₽,1460,7300,4y,20y,4,,,,,,,,
17030,457803,credit,Наличными,Наличными,https://www.banki.ru/products/credits/credit/4578/,https://cdn.banki.ru/cdn/bank/2764_mobile_logo_url.png,06.08.2026 12:41,2764,27641,bank,Газпромбанк,https://cdn.banki.ru/cdn/bank/2764_mobile_logo_url.png,354,www.gazprombank.ru,8 800 300-60-90,"117420, г. Москва, ул. Наметкина, д. 16, корп. 1.",gazprombank,RUB,https://www.banki.ru/products/credits/credit/4578/,25.4,44.7,"25,4–44,7%",,,50000,7000000,50 000–7 000 000 ₽,397,1825,13m,5y,4,,,,,,,,
17132,499403,credit,Универсальный,Универсальный,https://www.banki.ru/products/credits/credit/4994/,https://cdn.banki.ru/cdn/bank/2764_mobile_logo_url.png,06.08.2026 12:38,2764,27641,bank,Газпромбанк,https://cdn.banki.ru/cdn/bank/2764_mobile_logo_url.png,354,www.gazprombank.ru,8 800 300-60-90,"117420, г. Москва, ул. Наметкина, д. 16, корп. 1.",gazprombank,RUB,https://www.banki.ru/products/credits/credit/4994/,27.9,29.9,"27,9–29,9%",,,500000,7000000,500 000–7 000 000 ₽,397,1825,13m,5y,4,,,,,,,,
19407,498403,credit,Под залог недвижимости,Под залог недвижимости,https://www.banki.ru/products/credits/credit/4984/,https://cdn.banki.ru/cdn/bank/9183_mobile_logo_url.png,31.07.2026 17:57,9183,91831,bank,Локо-Банк,https://cdn.banki.ru/cdn/bank/9183_mobile_logo_url.png,2707,www.lockobank.ru,8 800 250-50-50,"125167, г. Москва, Ленинградский просп., д. 39, стр. 80",locko-bank,RUB,https://www.banki.ru/products/credits/credit/4984/,21.4,25.4,"21,4–25,4%",,,1000000,30000000,1 000 000–30 000 000 ₽,365,7300,1y,20y,4,,,,,,,,
16877,348703,credit,На любые цели под залог авто,На любые цели под залог авто,https://www.banki.ru/products/credits/credit/3487/,https://cdn.banki.ru/cdn/bank/9183_mobile_logo_url.png,31.07.2026 17:55,9183,91831,bank,Локо-Банк,https://cdn.banki.ru/cdn/bank/9183_mobile_logo_url.png,2707,www.lockobank.ru,8 800 250-50-50,"125167, г. Москва, Ленинградский просп., д. 39, стр. 80",locko-bank,RUB,https://www.banki.ru/products/credits/credit/3487/,16.0,33.9,"16–33,9%",,,500001,10000000,500 001–10 000 000 ₽,1095,2920,3y,8y,4,,,,,,,,
16909,376103,credit,На всё про всё,На всё про всё,https://www.banki.ru/products/credits/credit/3761/,https://cdn.banki.ru/cdn/bank/193300_mobile_logo_url.png,03.08.2026 16:06,193300,1933001,bank,Газэнергобанк,https://cdn.banki.ru/cdn/bank/193300_mobile_logo_url.png,3252,www.gebank.ru,8 800 700-3000,"248030, г. Калуга, ул. Плеханова, д. 4",gazenergobank,RUB,https://www.banki.ru/products/credits/credit/3761/,2.0,25.4,"2–25,4%",,,15000,1300000,15 000–1 300 000 ₽,31,1825,1m,5y,4,,,,,,,,
19847,21115503,credit,На любые цели,На любые цели,https://www.banki.ru/products/credits/credit/211155/,https://cdn.banki.ru/cdn/bank/37473_mobile_logo_url.png,05.08.2026 18:14,37473,374731,bank,СДМ-Банк,https://cdn.banki.ru/cdn/bank/37473_mobile_logo_url.png,1637,www.sdm.ru,8 800 200-02-23,"125424, г. Москва, Волоколамское ш., д. 73",sdm-bank,RUB,https://www.banki.ru/products/credits/credit/211155/,23.5,23.5,"23,5%",,,100000,3000000,100 000–3 000 000 ₽,30,1460,1m,4y,4,,,,,,,,
16740,14403,credit,Стандартный ,Стандартный ,https://www.banki.ru/products/credits/credit/144/,https://cdn.banki.ru/cdn/bank/63520_mobile_logo_url.png,05.08.2026 12:59,63520,635201,bank,Уралсиб,https://cdn.banki.ru/cdn/bank/63520_mobile_logo_url.png,30,www.uralsib.ru,8 800 250-57-57,"119048, г. Москва, ул. Ефремова, д. 8",uralsib,RUB,https://www.banki.ru/products/credits/credit/144/,7.0,51.0,7–51%,,,30000,2000000,30 000–2 000 000 ₽,397,2555,13m,7y,4,,,,,,,,
19380,438703,credit,Под залог недвижимости,Под залог недвижимости,https://www.banki.ru/products/credits/credit/4387/,https://cdn.banki.ru/cdn/bank/63520_mobile_logo_url.png,05.08.2026 13:27,63520,635201,bank,Уралсиб,https://cdn.banki.ru/cdn/bank/63520_mobile_logo_url.png,30,www.uralsib.ru,8 800 250-57-57,"119048, г. Москва, ул. Ефремова, д. 8",uralsib,RUB,https://www.banki.ru/products/credits/credit/4387/,21.0,23.0,21–23%,,,1500000,20000000,1 500 000–20 000 000 ₽,365,5475,1y,15y,4,,,,,,,,
17341,20074203,credit,Беззалоговый,Беззалоговый,https://www.banki.ru/products/credits/credit/200742/,https://cdn.banki.ru/cdn/bank/193364_mobile_logo_url.png,06.08.2026 18:32,193364,1933641,bank,КАМКОМБАНК,https://cdn.banki.ru/cdn/bank/193364_mobile_logo_url.png,438,www.kamkombank.ru,8 800 200-04-38,"423800, Республика Татарстан, г. Набережные Челны, ул. Гидростроителей, д. 21",kamkombank,RUB,https://www.banki.ru/products/credits/credit/200742/,23.0,33.0,23–33%,,,100000,2518000,100 000–2 518 000 ₽,365,2555,1y,7y,4,,,,,,,,
19377,426803,credit,На любые цели (под залог недвижимости),На любые цели (под залог недвижимости),https://www.banki.ru/products/credits/credit/4268/,https://cdn.banki.ru/cdn/bank/193364_mobile_logo_url.png,06.08.2026 18:36,193364,1933641,bank,КАМКОМБАНК,https://cdn.banki.ru/cdn/bank/193364_mobile_logo_url.png,438,www.kamkombank.ru,8 800 200-04-38,"423800, Республика Татарстан, г. Набережные Челны, ул. Гидростроителей, д. 21",kamkombank,RUB,https://www.banki.ru/products/credits/credit/4268/,22.0,27.0,22–27%,,,300000,100000000,300 000–100 000 000 ₽,365,5475,1y,15y,4,,,,,,,,
17262,520903,credit,На любые цели (под залог авто),На любые цели (под залог авто),https://www.banki.ru/products/credits/credit/5209/,https://cdn.banki.ru/cdn/bank/193364_mobile_logo_url.png,06.08.2026 18:36,193364,1933641,bank,КАМКОМБАНК,https://cdn.banki.ru/cdn/bank/193364_mobile_logo_url.png,438,www.kamkombank.ru,8 800 200-04-38,"423800, Республика Татарстан, г. Набережные Челны, ул. Гидростроителей, д. 21",kamkombank,RUB,https://www.banki.ru/products/credits/credit/5209/,22.0,27.0,22–27%,,,300000,100000000,300 000–100 000 000 ₽,365,1825,1y,5y,4,,,,,,,,
17226,515303,credit,На газификацию,На газификацию,https://www.banki.ru/products/credits/credit/5153/,https://cdn.banki.ru/cdn/bank/68683_mobile_logo_url.png,05.08.2026 17:33,68683,686831,bank,Банк «РОССИЯ»,https://cdn.banki.ru/cdn/bank/68683_mobile_logo_url.png,328,www.abr.ru,8 800 100-11-11 ,"191124, г. Санкт-Петербург, пл. Растрелли, д. 2, стр.1",rossiya,RUB,https://www.banki.ru/products/credits/credit/5153/,20.5,20.5,"20,5%",,,100000,300000,100 000–300 000 ₽,549,1825,18m,5y,4,,,,,,,,
17631,20103403,credit,Деньги — возможности (под залог авто),Деньги — возможности (под залог авто),https://www.banki.ru/products/credits/credit/201034/,https://cdn.banki.ru/cdn/bank/68683_mobile_logo_url.png,05.08.2026 17:32,68683,686831,bank,Банк «РОССИЯ»,https://cdn.banki.ru/cdn/bank/68683_mobile_logo_url.png,328,www.abr.ru,8 800 100-11-11 ,"191124, г. Санкт-Петербург, пл. Растрелли, д. 2, стр.1",rossiya,RUB,https://www.banki.ru/products/credits/credit/201034/,18.5,28.5,"18,5–28,5%",,,100000,5000000,100 000–5 000 000 ₽,365,2555,1y,7y,4,,,,,,,,
19830,21115103,credit,Образовательный,Образовательный,https://www.banki.ru/products/credits/credit/211151/,https://cdn.banki.ru/cdn/bank/68683_mobile_logo_url.png,05.08.2026 17:37,68683,686831,bank,Банк «РОССИЯ»,https://cdn.banki.ru/cdn/bank/68683_mobile_logo_url.png,328,www.abr.ru,8 800 100-11-11 ,"191124, г. Санкт-Петербург, пл. Растрелли, д. 2, стр.1",rossiya,RUB,https://www.banki.ru/products/credits/credit/211151/,3.0,3.0,3%,,,1000,100000000,1 000–100 000 000 ₽,5475,9125,15y,25y,4,,,,,,,,
16976,422903,credit,Деньги — возможности ,Деньги — возможности ,https://www.banki.ru/products/credits/credit/4229/,https://cdn.banki.ru/cdn/bank/68683_mobile_logo_url.png,05.08.2026 17:32,68683,686831,bank,Банк «РОССИЯ»,https://cdn.banki.ru/cdn/bank/68683_mobile_logo_url.png,328,www.abr.ru,8 800 100-11-11 ,"191124, г. Санкт-Петербург, пл. Растрелли, д. 2, стр.1",rossiya,RUB,https://www.banki.ru/products/credits/credit/4229/,20.5,30.5,"20,5–30,5%",,,100000,5000000,100 000–5 000 000 ₽,365,1825,1y,5y,4,,,,,,,,
16735,1603,credit,На любые цели,На любые цели,https://www.banki.ru/products/credits/credit/16/,https://cdn.banki.ru/cdn/bank/7292_mobile_logo_url.png,31.07.2026 15:44,7292,72921,bank,Московский кредитный банк (МКБ),https://cdn.banki.ru/cdn/bank/7292_mobile_logo_url.png,1978,www.mkb.ru,8 800 100-48-88,"107045, г. Москва, Луков пер., д. 2, стр. 1",mkb,RUB,https://www.banki.ru/products/credits/credit/16/,10.0,51.0,10–51%,,,50000,10000000,50 000–10 000 000 ₽,183,1825,6m,5y,4,,,,,,,,
16919,385303,credit,Топ-менеджер,Топ-менеджер,https://www.banki.ru/products/credits/credit/3853/,,06.08.2026 18:31,195603,1956031,bank,Крона-Банк,,2499,www.krona-bank.ru,+7 (3952) 25-25-05,"664007, г. Иркутск, ул. Дзержинского, д. 29",krona-bank,RUB,https://www.banki.ru/products/credits/credit/3853/,19.5,21.5,"19,5–21,5%",,,500000,5000000,500 000–5 000 000 ₽,92,1825,1m3y,5y,4,,,,,,,,
16993,438803,credit,Без справок,Без справок,https://www.banki.ru/products/credits/credit/4388/,https://cdn.banki.ru/cdn/bank/95970_mobile_logo_url.png,06.08.2026 14:57,95970,959701,bank,Уральский банк реконструкции и развития (УБРиР),https://cdn.banki.ru/cdn/bank/95970_mobile_logo_url.png,429,www.ubrr.ru,8 800 100-02-00,"620063, г. Екатеринбург, ул. 8 Марта, д. 51",ubrr,RUB,https://www.banki.ru/products/credits/credit/4388/,16.0,35.5,"16–35,5%",,,100000,700000,100 000–700 000 ₽,1095,1825,5y,5y,4,,,,,,,,
16756,60903,credit,На любые цели,На любые цели,https://www.banki.ru/products/credits/credit/609/,https://cdn.banki.ru/cdn/bank/95970_mobile_logo_url.png,06.08.2026 14:58,95970,959701,bank,Уральский банк реконструкции и развития (УБРиР),https://cdn.banki.ru/cdn/bank/95970_mobile_logo_url.png,429,www.ubrr.ru,8 800 100-02-00,"620063, г. Екатеринбург, ул. 8 Марта, д. 51",ubrr,RUB,https://www.banki.ru/products/credits/credit/609/,12.0,35.5,"12–35,5%",,,100000,5000000,100 000–5 000 000 ₽,1095,1825,5y,5y,4,,,,,,,,
17339,20074003,credit,Для сотрудников других банков,Для сотрудников других банков,https://www.banki.ru/products/credits/credit/200740/,https://cdn.banki.ru/cdn/bank/189187_mobile_logo_url.png,05.08.2026 16:15,189187,1891871,bank,Солид Банк,https://cdn.banki.ru/cdn/bank/189187_mobile_logo_url.png,1329,www.solidbank.ru,8 800 775-56-06,"690091, г. Владивосток, ул. Алеутская, д. 33",solid-bank,RUB,https://www.banki.ru/products/credits/credit/200740/,26.5,37.0,"26,5–37%",,,50000,1000000,50 000–1 000 000 ₽,365,1825,1y,5y,4,,,,,,,,
17340,20074103,credit,Для сотрудников других банков (с обеспечением),Для сотрудников других банков (с обеспечением),https://www.banki.ru/products/credits/credit/200741/,https://cdn.banki.ru/cdn/bank/189187_mobile_logo_url.png,05.08.2026 16:15,189187,1891871,bank,Солид Банк,https://cdn.banki.ru/cdn/bank/189187_mobile_logo_url.png,1329,www.solidbank.ru,8 800 775-56-06,"690091, г. Владивосток, ул. Алеутская, д. 33",solid-bank,RUB,https://www.banki.ru/products/credits/credit/200741/,26.5,35.0,"26,5–35%",,,3000001,5000000,3 000 001–5 000 000 ₽,365,2555,1y,7y,4,,,,,,,,
17013,447403,credit,Доверительный,Доверительный,https://www.banki.ru/products/credits/credit/4474/,https://cdn.banki.ru/cdn/bank/191070_mobile_logo_url.png,05.08.2026 17:21,191070,1910701,bank,Урал ФД,https://cdn.banki.ru/cdn/bank/191070_mobile_logo_url.png,249,www.uralfd.ru,8 800 100-10-40,"614066, г. Пермь, ул. Стахановская, д. 54 стр. Д",uralfd,RUB,https://www.banki.ru/products/credits/credit/4474/,17.74,34.74,"17,74–34,74%",,,50000,5000000,50 000–5 000 000 ₽,397,1825,13m,5y,4,,,,,,,,
19317,87203,credit,Универсальный (под залог недвижимости),Универсальный (под залог недвижимости),https://www.banki.ru/products/credits/credit/872/,https://cdn.banki.ru/cdn/bank/191070_mobile_logo_url.png,05.08.2026 17:23,191070,1910701,bank,Урал ФД,https://cdn.banki.ru/cdn/bank/191070_mobile_logo_url.png,249,www.uralfd.ru,8 800 100-10-40,"614066, г. Пермь, ул. Стахановская, д. 54 стр. Д",uralfd,RUB,https://www.banki.ru/products/credits/credit/872/,19.5,22.0,"19,5–22%",,,500000,20000000,500 000–20 000 000 ₽,1095,10950,3y,30y,4,,,,,,,,
17605,20100703,credit,Он-лайн-кредит,Он-лайн-кредит,https://www.banki.ru/products/credits/credit/201007/,https://cdn.banki.ru/cdn/bank/191044_mobile_logo_url.png,07.08.2026 12:04,191044,1910441,bank,Челиндбанк,https://cdn.banki.ru/cdn/bank/191044_mobile_logo_url.png,485,www.chelindbank.ru,8 800 500-18-00,"454091, г. Челябинск, ул. К. Маркса, д. 80",chelindbank,RUB,https://www.banki.ru/products/credits/credit/201007/,27.9,34.9,"27,9–34,9%",,,50000,500000,50 000–500 000 ₽,365,1825,1y,5y,4,,,,,,,,
25299,21120003,credit,На любые цели,На любые цели,https://www.banki.ru/products/credits/credit/211200/,https://cdn.banki.ru/cdn/bank/191044_mobile_logo_url.png,07.08.2026 12:04,191044,1910441,bank,Челиндбанк,https://cdn.banki.ru/cdn/bank/191044_mobile_logo_url.png,485,www.chelindbank.ru,8 800 500-18-00,"454091, г. Челябинск, ул. К. Маркса, д. 80",chelindbank,RUB,https://www.banki.ru/products/credits/credit/211200/,21.9,34.9,"21,9–34,9%",,,50000,1500000,50 000–1 500 000 ₽,365,1825,1y,5y,4,,,,,,,,
25300,21120103,credit,На любые цели (с обеспечением),На любые цели (с обеспечением),https://www.banki.ru/products/credits/credit/211201/,https://cdn.banki.ru/cdn/bank/191044_mobile_logo_url.png,07.08.2026 12:06,191044,1910441,bank,Челиндбанк,https://cdn.banki.ru/cdn/bank/191044_mobile_logo_url.png,485,www.chelindbank.ru,8 800 500-18-00,"454091, г. Челябинск, ул. К. Маркса, д. 80",chelindbank,RUB,https://www.banki.ru/products/credits/credit/211201/,17.9,27.9,"17,9–27,9%",,,50000,10000000,50 000–10 000 000 ₽,365,2555,1y,7y,4,,,,,,,,
19469,20100803,credit,Под залог недвижимости,Под залог недвижимости,https://www.banki.ru/products/credits/credit/201008/,https://cdn.banki.ru/cdn/bank/191044_mobile_logo_url.png,07.08.2026 12:03,191044,1910441,bank,Челиндбанк,https://cdn.banki.ru/cdn/bank/191044_mobile_logo_url.png,485,www.chelindbank.ru,8 800 500-18-00,"454091, г. Челябинск, ул. К. Маркса, д. 80",chelindbank,RUB,https://www.banki.ru/products/credits/credit/201008/,20.5,21.0,"20,5–21%",,,500000,10000000,500 000–10 000 000 ₽,365,3650,1y,10y,4,,,,,,,,
18152,20111103,credit,На любые цели (под поручительство),На любые цели (под поручительство),https://www.banki.ru/products/credits/credit/201111/,https://cdn.banki.ru/cdn/bank/193976_mobile_logo_url.png,04.08.2026 15:48,193976,1939761,bank,Уралпромбанк,https://cdn.banki.ru/cdn/bank/193976_mobile_logo_url.png,2964,www.uralprombank.ru,+7 (351) 239-65-65,"454090, г. Челябинск, ул. Свободы, д. 97",uralprombank,RUB,https://www.banki.ru/products/credits/credit/201111/,25.5,28.5,"25,5–28,5%",,,30000,200000,30 000–200 000 ₽,31,1095,1y,3y,4,,,,,,,,
19405,494503,credit,Под залог недвижимости,Под залог недвижимости,https://www.banki.ru/products/credits/credit/4945/,https://cdn.banki.ru/cdn/bank/2631_mobile_logo_url.png,07.08.2026 13:54,2631,26311,bank,Экспобанк,https://cdn.banki.ru/cdn/bank/2631_mobile_logo_url.png,2998,expobank.ru,8 800 500-07-70,"115054, г. Москва, наб Космодамианская, д. 52 стр. 7",expobank,RUB,https://www.banki.ru/products/credits/credit/4945/,22.0,24.0,22–24%,,,500000,30000000,500 000–30 000 000 ₽,365,5475,1y,15y,4,,,,,,,,
16737,10303,credit,Под залог авто,Под залог авто,https://www.banki.ru/products/credits/credit/103/,https://cdn.banki.ru/cdn/bank/2631_mobile_logo_url.png,07.08.2026 13:54,2631,26311,bank,Экспобанк,https://cdn.banki.ru/cdn/bank/2631_mobile_logo_url.png,2998,expobank.ru,8 800 500-07-70,"115054, г. Москва, наб Космодамианская, д. 52 стр. 7",expobank,RUB,https://www.banki.ru/products/credits/credit/103/,24.0,24.0,24%,,,100000,7000000,100 000–7 000 000 ₽,30,1095,1m,3y,4,,,,,,,,
16807,261503,credit,Наличными,Наличными,https://www.banki.ru/products/credits/credit/2615/,https://cdn.banki.ru/cdn/bank/11518_mobile_logo_url.png,05.08.2026 16:21,11518,115181,bank,Банк ТКБ,https://cdn.banki.ru/cdn/bank/11518_mobile_logo_url.png,2210,www.tkbbank.ru,8 800 100-32-00,"109147, г. Москва, ул. Воронцовская, д. 27/35",transcapitalbank,RUB,https://www.banki.ru/products/credits/credit/2615/,18.5,33.5,"18,5–33,5%",,,50000,1500000,50 000–1 500 000 ₽,397,1825,13m,5y,4,,,,,,,,
20331,20116303,credit,Удобный,Удобный,https://www.banki.ru/products/credits/credit/201163/,https://cdn.banki.ru/cdn/bank/11518_mobile_logo_url.png,05.08.2026 16:26,11518,115181,bank,Банк ТКБ,https://cdn.banki.ru/cdn/bank/11518_mobile_logo_url.png,2210,www.tkbbank.ru,8 800 100-32-00,"109147, г. Москва, ул. Воронцовская, д. 27/35",transcapitalbank,RUB,https://www.banki.ru/products/credits/credit/201163/,20.1,27.25,"20,1–27,25%",,,500000,100000000,500 000–100 000 000 ₽,1095,9125,3y,25y,4,,,,,,,,
17636,20103903,credit,Обеспеченный,Обеспеченный,https://www.banki.ru/products/credits/credit/201039/,https://cdn.banki.ru/cdn/bank/11518_mobile_logo_url.png,05.08.2026 16:22,11518,115181,bank,Банк ТКБ,https://cdn.banki.ru/cdn/bank/11518_mobile_logo_url.png,2210,www.tkbbank.ru,8 800 100-32-00,"109147, г. Москва, ул. Воронцовская, д. 27/35",transcapitalbank,RUB,https://www.banki.ru/products/credits/credit/201039/,17.5,32.5,"17,5–32,5%",,,100000,3000000,100 000–3 000 000 ₽,397,1825,13m,5y,4,,,,,,,,
17036,459503,credit,На любые цели,На любые цели,https://www.banki.ru/products/credits/credit/4595/,https://cdn.banki.ru/cdn/bank/5348_mobile_logo_url.png,03.08.2026 16:11,5348,53481,bank,Инго Банк,https://cdn.banki.ru/cdn/bank/5348_mobile_logo_url.png,2307,www.ingobank.ru,8 800 100-33-22,"123376, Москва,  ул. Рочдельская, д. 15, стр. 56",ingobank,RUB,https://www.banki.ru/products/credits/credit/4595/,11.7,45.0,"11,7–45%",,,50000,3000000,50 000–3 000 000 ₽,365,2555,1y,7y,4,,,,,,,,
19813,20115303,credit,Под залог недвижимости,Под залог недвижимости,https://www.banki.ru/products/credits/credit/201153/,https://cdn.banki.ru/cdn/bank/5348_mobile_logo_url.png,03.08.2026 16:59,5348,53481,bank,Инго Банк,https://cdn.banki.ru/cdn/bank/5348_mobile_logo_url.png,2307,www.ingobank.ru,8 800 100-33-22,"123376, Москва,  ул. Рочдельская, д. 15, стр. 56",ingobank,RUB,https://www.banki.ru/products/credits/credit/201153/,23.5,25.0,"23,5–25%",,,500000,7000000,500 000–7 000 000 ₽,365,5475,1y,15y,4,,,,,,,,
16886,356203,credit,Наличными,Наличными,https://www.banki.ru/products/credits/credit/3562/,https://cdn.banki.ru/cdn/card-designs/logo_sign_1_1_17f5f5bc7b.png,05.08.2026 18:19,2237,22371,bank,Банк ДОМ.РФ,https://cdn.banki.ru/cdn/card-designs/logo_sign_1_1_17f5f5bc7b.png,2312,domrfbank.ru,8 800 775-86-86 ,"125009, г. Москва, ул. Воздвиженка, д. 10",domrfbank,RUB,https://www.banki.ru/products/credits/credit/3562/,14.7,38.4,"14,7–38,4%",,,100000,10000000,100 000–10 000 000 ₽,730,2555,2y,7y,4,,,,,,,,
19722,20114903,credit,Под залог квартиры,Под залог квартиры,https://www.banki.ru/products/credits/credit/201149/,https://cdn.banki.ru/cdn/card-designs/logo_sign_1_1_17f5f5bc7b.png,05.08.2026 18:21,2237,22371,bank,Банк ДОМ.РФ,https://cdn.banki.ru/cdn/card-designs/logo_sign_1_1_17f5f5bc7b.png,2312,domrfbank.ru,8 800 775-86-86 ,"125009, г. Москва, ул. Воздвиженка, д. 10",domrfbank,RUB,https://www.banki.ru/products/credits/credit/201149/,27.0,28.0,27–28%,,,500000,30000000,500 000–30 000 000 ₽,1095,10950,3y,30y,4,,,,,,,,
19340,304103,credit,Под залог недвижимого имущества,Под залог недвижимого имущества,https://www.banki.ru/products/credits/credit/3041/,https://cdn.banki.ru/cdn/bank/12092_mobile_logo_url.png,03.08.2026 18:04,12092,120921,bank,ББР Банк,https://cdn.banki.ru/cdn/bank/12092_mobile_logo_url.png,2929,www.bbr.ru,8 800 220-40-00,"121099, Москва, 1-й Николощеповский пер., 6, стр. 1",bbrbank,RUB,https://www.banki.ru/products/credits/credit/3041/,20.5,21.7,"20,5–21,7%",,,1000000,30000000,1 000 000–30 000 000 ₽,1095,3650,3y,10y,4,,,,,,,,
16911,377803,credit,Под залог движимого имущества,Под залог движимого имущества,https://www.banki.ru/products/credits/credit/3778/,https://cdn.banki.ru/cdn/bank/12092_mobile_logo_url.png,03.08.2026 18:04,12092,120921,bank,ББР Банк,https://cdn.banki.ru/cdn/bank/12092_mobile_logo_url.png,2929,www.bbr.ru,8 800 220-40-00,"121099, Москва, 1-й Николощеповский пер., 6, стр. 1",bbrbank,RUB,https://www.banki.ru/products/credits/credit/3778/,21.5,22.4,"21,5–22,4%",,,450000,6000000,450 000–6 000 000 ₽,730,1825,2y,5y,4,,,,,,,,
17023,455103,credit,Для работников ОПК и военнослужащих,Для работников ОПК и военнослужащих,https://www.banki.ru/products/credits/credit/4551/,https://cdn.banki.ru/cdn/card-designs/psb_2_2_4aa31add26.png,05.08.2026 17:27,5306,53061,bank,ПСБ,https://cdn.banki.ru/cdn/card-designs/psb_2_2_4aa31add26.png,3251,www.psbank.ru,8 800 333-03-03,"150003, г. Ярославль, ул. Республиканская, д. 16",promsvyazbank,RUB,https://www.banki.ru/products/credits/credit/4551/,16.9,36.9,"16,9–36,9%",,,100000,10000000,100 000–10 000 000 ₽,365,3650,1y,10y,4,,,,,,,,
19824,20115403,credit,Под залог недвижимости,Под залог недвижимости,https://www.banki.ru/products/credits/credit/201154/,https://cdn.banki.ru/cdn/bank/16995_mobile_logo_url.png,31.07.2026 17:15,16995,169951,bank,ВБРР,https://cdn.banki.ru/cdn/bank/16995_mobile_logo_url.png,3287,www.vbrr.ru,8 800 700-03-49 ,"129594, г. Москва, ул. Сущевский вал, д. 65, корп. 1",vbrr,RUB,https://www.banki.ru/products/credits/credit/201154/,18.9,20.4,"18,9–20,4%",,,500000,60000000,500 000–60 000 000 ₽,1825,10950,5y,30y,4,,,,,,,,
16742,20503,credit,Со сниженным платежом,Со сниженным платежом,https://www.banki.ru/products/credits/credit/205/,https://cdn.banki.ru/cdn/bank/4725_mobile_logo_url.png,04.08.2026 16:53,4725,47251,bank,Россельхозбанк,https://cdn.banki.ru/cdn/bank/4725_mobile_logo_url.png,3349,www.rshb.ru,8 800 100-01-00,"119034, г. Москва, Гагаринский пер., д. 3",rshb,RUB,https://www.banki.ru/products/credits/credit/205/,24.1,36.1,"24,1–36,1%",,,30000,5000000,30 000–5 000 000 ₽,183,1825,6m,5y,4,,,,,,,,
17066,471103,credit,Газомоторное топливо,Газомоторное топливо,https://www.banki.ru/products/credits/credit/4711/,https://cdn.banki.ru/cdn/bank/4725_mobile_logo_url.png,04.08.2026 16:53,4725,47251,bank,Россельхозбанк,https://cdn.banki.ru/cdn/bank/4725_mobile_logo_url.png,3349,www.rshb.ru,8 800 100-01-00,"119034, г. Москва, Гагаринский пер., д. 3",rshb,RUB,https://www.banki.ru/products/credits/credit/4711/,27.9,33.4,"27,9–33,4%",,,30000,300000,30 000–300 000 ₽,365,1095,1y,3y,4,,,,,,,,
17089,481803,credit,На благоустройство для жителей села,На благоустройство для жителей села,https://www.banki.ru/products/credits/credit/4818/,https://cdn.banki.ru/cdn/bank/4725_mobile_logo_url.png,04.08.2026 16:55,4725,47251,bank,Россельхозбанк,https://cdn.banki.ru/cdn/bank/4725_mobile_logo_url.png,3349,www.rshb.ru,8 800 100-01-00,"119034, г. Москва, Гагаринский пер., д. 3",rshb,RUB,https://www.banki.ru/products/credits/credit/4818/,3.25,33.0,"3,25–33%",,,30000,700000,30 000–700 000 ₽,365,1825,1y,5y,4,,,,,,,,
