productId,productUid,productType,productName,name,url,smallImage,updatedAt,partner_id,partner_uid,partner_type,partner_name,partner_image,partner_license,partner_url,partner_phone,partner_address,partner_code,meta_currency,meta_detailLink,meta_rateMin,meta_rateMax,meta_rateRange,meta_fullCreditRateMin,meta_fullCreditRateMax,meta_amountMin,meta_amountMax,meta_amountRange,meta_termMin,meta_termMax,meta_periodFromNotation,meta_periodToNotation,meta_termUnit,meta_issuanceCostMin,meta_issuanceCostMax,meta_annualServiceMin,meta_annualServiceMax,meta_cashWithdrawalsAtAtms,meta_cashWithdrawalsAtOtherBankAtms,meta_initialFeeMin,meta_initialFeeMax
17600,20100203,credit,Прайм «Специальный»,Прайм «Специальный»,https://www.banki.ru/products/credits/credit/201002/,https://cdn.banki.ru/cdn/bank/76620_mobile_logo_url.png,04.09.2026 10:27,76620,766201,bank,Совкомбанк,https://cdn.banki.ru/cdn/bank/76620_mobile_logo_url.png,963,www.sovcombank.ru,8 800 100-00-06,"156000, г. Кострома, просп. Текстильщиков, д. 46",sovcombank,RUB,https://www.banki.ru/products/credits/credit/201002/,14.9,39.9,"14,9–39,9%",,,30000,3000000,30 000–3 000 000 ₽,365,1825,1y,5y,4,,,,,,,,
17033,458803,credit,Супер плюс,Супер плюс,https://www.banki.ru/products/credits/credit/4588/,https://cdn.banki.ru/cdn/bank/76620_mobile_logo_url.png,04.09.2026 10:27,76620,766201,bank,Совкомбанк,https://cdn.banki.ru/cdn/bank/76620_mobile_logo_url.png,963,www.sovcombank.ru,8 800 100-00-06,"156000, г. Кострома, просп. Текстильщиков, д. 46",sovcombank,RUB,https://www.banki.ru/products/credits/credit/4588/,18.9,31.9,"18,9–31,9%",,,200000,3000000,200 000–3 000 000 ₽,549,1825,18m,5y,4,,,,,,,,
17630,20103303,credit,Прайм Хит,Прайм Хит,https://www.banki.ru/products/credits/credit/201033/,https://cdn.banki.ru/cdn/bank/76620_mobile_logo_url.png,04.09.2026 10:23,76620,766201,bank,Совкомбанк,https://cdn.banki.ru/cdn/bank/76620_mobile_logo_url.png,963,www.sovcombank.ru,8 800 100-00-06,"156000, г. Кострома, просп. Текстильщиков, д. 46",sovcombank,RUB,https://www.banki.ru/products/credits/credit/201033/,14.9,39.9,"14,9–39,9%",,,300000,5000000,300 000–5 000 000 ₽,365,1825,1y,5y,4,,,,,,,,
16814,277003,credit,Стандартный плюс,Стандартный плюс,https://www.banki.ru/products/credits/credit/2770/,https://cdn.banki.ru/cdn/bank/76620_mobile_logo_url.png,04.09.2026 10:23,76620,766201,bank,Совкомбанк,https://cdn.banki.ru/cdn/bank/76620_mobile_logo_url.png,963,www.sovcombank.ru,8 800 100-00-06,"156000, г. Кострома, просп. Текстильщиков, д. 46",sovcombank,RUB,https://www.banki.ru/products/credits/credit/2770/,19.9,33.9,"19,9–33,9%",,,49999,399999,49 999–399 999 ₽,365,1825,5y,5y,4,,,,,,,,
16833,306303,credit,Пенсионный плюс,Пенсионный плюс,https://www.banki.ru/products/credits/credit/3063/,https://cdn.banki.ru/cdn/bank/76620_mobile_logo_url.png,04.09.2026 10:29,76620,766201,bank,Совкомбанк,https://cdn.banki.ru/cdn/bank/76620_mobile_logo_url.png,963,www.sovcombank.ru,8 800 100-00-06,"156000, г. Кострома, просп. Текстильщиков, д. 46",sovcombank,RUB,https://www.banki.ru/products/credits/credit/3063/,19.9,32.9,"19,9–32,9%",,,49999,399999,49 999–399 999 ₽,365,1825,5y,5y,4,,,,,,,,
17115,494603,credit,Прайм «Выгодный»,Прайм «Выгодный»,https://www.banki.ru/products/credits/credit/4946/,https://cdn.banki.ru/cdn/bank/76620_mobile_logo_url.png,04.09.2026 10:24,76620,766201,bank,Совкомбанк,https://cdn.banki.ru/cdn/bank/76620_mobile_logo_url.png,963,www.sovcombank.ru,8 800 100-00-06,"156000, г. Кострома, просп. Текстильщиков, д. 46",sovcombank,RUB,https://www.banki.ru/products/credits/credit/4946/,14.9,39.9,"14,9–39,9%",,,300000,5000000,300 000–5 000 000 ₽,365,1825,1y,5y,4,,,,,,,,
19367,394403,credit,Под залог недвижимости,Под залог недвижимости,https://www.banki.ru/products/credits/credit/3944/,https://cdn.banki.ru/cdn/bank/76620_mobile_logo_url.png,04.09.2026 10:29,76620,766201,bank,Совкомбанк,https://cdn.banki.ru/cdn/bank/76620_mobile_logo_url.png,963,www.sovcombank.ru,8 800 100-00-06,"156000, г. Кострома, просп. Текстильщиков, д. 46",sovcombank,RUB,https://www.banki.ru/products/credits/credit/3944/,28.9,32.4,"28,9–32,4%",,,200000,30000000,200 000–30 000 000 ₽,1095,5475,3y,15y,4,,,,,,,,
17673,20107603,credit,Под залог авто,Под залог авто,https://www.banki.ru/products/credits/credit/201076/,https://cdn.banki.ru/cdn/bank/76620_mobile_logo_url.png,04.09.2026 10:28,76620,766201,bank,Совкомбанк,https://cdn.banki.ru/cdn/bank/76620_mobile_logo_url.png,963,www.sovcombank.ru,8 800 100-00-06,"156000, г. Кострома, просп. Текстильщиков, д. 46",sovcombank,RUB,https://www.banki.ru/products/credits/credit/201076/,19.4,30.9,"19,4–30,9%",,,100000,15000000,100 000–15 000 000 ₽,365,3650,1y,10y,4,,,,,,,,
16934,394503,credit,Денежный кредит под залог авто «Выгодный»,Денежный кредит под залог авто «Выгодный»,https://www.banki.ru/products/credits/credit/3945/,https://cdn.banki.ru/cdn/bank/76620_mobile_logo_url.png,04.09.2026 10:28,76620,766201,bank,Совкомбанк,https://cdn.banki.ru/cdn/bank/76620_mobile_logo_url.png,963,www.sovcombank.ru,8 800 100-00-06,"156000, г. Кострома, просп. Текстильщиков, д. 46",sovcombank,RUB,https://www.banki.ru/products/credits/credit/3945/,14.9,39.9,"14,9–39,9%",,,150000,15000000,150 000–15 000 000 ₽,365,1825,1y,5y,4,,,,,,,,
19409,500703,credit,«Выгодный»,«Выгодный»,https://www.banki.ru/products/credits/credit/5007/,https://cdn.banki.ru/cdn/bank/76620_mobile_logo_url.png,04.09.2026 10:30,76620,766201,bank,Совкомбанк,https://cdn.banki.ru/cdn/bank/76620_mobile_logo_url.png,963,www.sovcombank.ru,8 800 100-00-06,"156000, г. Кострома, просп. Текстильщиков, д. 46",sovcombank,RUB,https://www.banki.ru/products/credits/credit/5007/,19.9,19.9,"19,9%",,,200000,30000000,200 000–30 000 000 ₽,1095,5475,3y,15y,4,,,,,,,,
19810,21114903,credit,Классика,Классика,https://www.banki.ru/products/credits/credit/211149/,https://cdn.banki.ru/cdn/bank/351_mobile_logo_url.png,04.09.2026 11:09,351,3511,bank,Русский Стандарт,https://cdn.banki.ru/cdn/bank/351_mobile_logo_url.png,2289,www.rsb.ru,+7 (495) 748-07-48,"105187, г. Москва, ул. Ткацкая, д. 36",rsb,RUB,https://www.banki.ru/products/credits/credit/211149/,16.9,51.0,"16,9–51%",,,30000,3000000,30 000–3 000 000 ₽,30,1825,1m,5y,4,,,,,,,,
18157,20111303,credit,Под залог авто,Под залог авто,https://www.banki.ru/products/credits/credit/201113/,https://cdn.banki.ru/cdn/bank/351_mobile_logo_url.png,01.09.2026 17:31,351,3511,bank,Русский Стандарт,https://cdn.banki.ru/cdn/bank/351_mobile_logo_url.png,2289,www.rsb.ru,+7 (495) 748-07-48,"105187, г. Москва, ул. Ткацкая, д. 36",rsb,RUB,https://www.banki.ru/products/credits/credit/201113/,24.9,35.0,"24,9–35%",,,30000,3000000,30 000–3 000 000 ₽,31,3650,1m,10y,4,,,,,,,,
19506,20111403,credit,Под залог недвижимости,Под залог недвижимости,https://www.banki.ru/products/credits/credit/201114/,https://cdn.banki.ru/cdn/bank/351_mobile_logo_url.png,02.09.2026 18:47,351,3511,bank,Русский Стандарт,https://cdn.banki.ru/cdn/bank/351_mobile_logo_url.png,2289,www.rsb.ru,+7 (495) 748-07-48,"105187, г. Москва, ул. Ткацкая, д. 36",rsb,RUB,https://www.banki.ru/products/credits/credit/201114/,22.9,33.0,"22,9–33%",,,500000,10000000,500 000–10 000 000 ₽,183,3650,6m,10y,4,,,,,,,,
16989,433103,credit,Наличными ,Наличными ,https://www.banki.ru/products/credits/credit/4331/,https://cdn.banki.ru/cdn/bank/327_mobile_logo_url.png,04.09.2026 10:49,327,3271,bank,ВТБ,https://cdn.banki.ru/cdn/bank/327_mobile_logo_url.png,1000,www.vtb.ru,8 800 200-77-99,"190000, г. Санкт-Петербург, ул. Большая Морская, д. 29",vtb,RUB,https://www.banki.ru/products/credits/credit/4331/,3.7,409.0,"3,7–409%",,,30000,7000000,30 000–7 000 000 ₽,183,1825,6m,5y,4,,,,,,,,
17615,20101803,credit,Под залог автомобиля,Под залог автомобиля,https://www.banki.ru/products/credits/credit/201018/,https://cdn.banki.ru/cdn/bank/327_mobile_logo_url.png,04.09.2026 10:49,327,3271,bank,ВТБ,https://cdn.banki.ru/cdn/bank/327_mobile_logo_url.png,1000,www.vtb.ru,8 800 200-77-99,"190000, г. Санкт-Петербург, ул. Большая Морская, д. 29",vtb,RUB,https://www.banki.ru/products/credits/credit/201018/,21.0,34.7,"21–34,7%",,,100001,40000000,100 001–40 000 000 ₽,183,1825,6m,5y,4,,,,,,,,
25370,20116903,credit,Под залог недвижимости,Под залог недвижимости,https://www.banki.ru/products/credits/credit/201169/,https://cdn.banki.ru/cdn/card-designs/Frame_2136138409_6aa14f6f0a.png,04.09.2026 11:13,10,101,bank,ГК Согласованно,https://cdn.banki.ru/cdn/card-designs/Frame_2136138409_6aa14f6f0a.png,-,согласованно.рф,,"111250, г. Москва, пр-д Невельского, д. 1, к. 1",soglasovanno,RUB,https://www.banki.ru/products/credits/credit/201169/,15.5,59.99,"15,5–59,99%",,,2000000,35000000,2 000 000–35 000 000 ₽,1825,8030,5y,22y,4,,,,,,,,
16893,362003,credit,Наличными,Наличными,https://www.banki.ru/products/credits/credit/3620/,https://cdn.banki.ru/cdn/bank/17266_mobile_logo_url.png,04.09.2026 11:09,17266,172661,bank,Ренессанс Банк,https://cdn.banki.ru/cdn/bank/17266_mobile_logo_url.png,3354,www.rencredit.ru,8 (495) 981-09-81,"115114, г. Москва, ул. Кожевническая, д. 14",rencredit,RUB,https://www.banki.ru/products/credits/credit/3620/,9.9,51.9,"9,9–51,9%",,,30000,2000000,30 000–2 000 000 ₽,730,2555,2y,7y,4,,,,,,,,
16744,21603,credit,На неотложные нужды,На неотложные нужды,https://www.banki.ru/products/credits/credit/216/,https://cdn.banki.ru/cdn/bank/192701_mobile_logo_url.png,04.09.2026 11:04,192701,1927011,bank,Банк «Пойдём!»,https://cdn.banki.ru/cdn/bank/192701_mobile_logo_url.png,2534,www.poidem.ru,8 800 200-12-30,"127015, г. Москва, ул. Бутырская, д. 76, стр. 1",poidem,RUB,https://www.banki.ru/products/credits/credit/216/,38.9,38.9,"38,9%",,,100000,300000,100 000–300 000 ₽,549,1464,18m,48m,4,,,,,,,,
20418,21118803,credit,Да!,Да!,https://www.banki.ru/products/credits/credit/211188/,https://cdn.banki.ru/cdn/bank/192701_mobile_logo_url.png,27.08.2026 18:02,192701,1927011,bank,Банк «Пойдём!»,https://cdn.banki.ru/cdn/bank/192701_mobile_logo_url.png,2534,www.poidem.ru,8 800 200-12-30,"127015, г. Москва, ул. Бутырская, д. 76, стр. 1",poidem,RUB,https://www.banki.ru/products/credits/credit/211188/,52.9,52.9,"52,9%",,,50000,99999,50 000–99 999 ₽,396,1095,13m,3y,4,,,,,,,,
17588,20098903,credit,Наличными,Наличными,https://www.banki.ru/products/credits/credit/200989/,https://cdn.banki.ru/cdn/bank/195706_mobile_logo_url.png,04.09.2026 10:33,195706,1957061,bank,Т-Банк,https://cdn.banki.ru/cdn/bank/195706_mobile_logo_url.png,2673,www.tbank.ru,8 800 555-10-10,"127287, г. Москва, ул. 2-я Хуторская, д.38А, стр.26",tcs,RUB,https://www.banki.ru/products/credits/credit/200989/,19.9,40.0,"19,9–40%",,,50000,5000000,50 000–5 000 000 ₽,365,1825,1y,5y,4,,,,,,,,
17037,459703,credit,Под залог (авто),Под залог (авто),https://www.banki.ru/products/credits/credit/4597/,https://cdn.banki.ru/cdn/bank/195706_mobile_logo_url.png,04.09.2026 10:33,195706,1957061,bank,Т-Банк,https://cdn.banki.ru/cdn/bank/195706_mobile_logo_url.png,2673,www.tbank.ru,8 800 555-10-10,"127287, г. Москва, ул. 2-я Хуторская, д.38А, стр.26",tcs,RUB,https://www.banki.ru/products/credits/credit/4597/,19.9,32.9,"19,9–32,9%",,,100000,7000000,100 000–7 000 000 ₽,365,2555,1y,7y,4,,,,,,,,
19349,342703,credit,Под залог (недвижимости),Под залог (недвижимости),https://www.banki.ru/products/credits/credit/3427/,https://cdn.banki.ru/cdn/bank/195706_mobile_logo_url.png,04.09.2026 10:31,195706,1957061,bank,Т-Банк,https://cdn.banki.ru/cdn/bank/195706_mobile_logo_url.png,2673,www.tbank.ru,8 800 555-10-10,"127287, г. Москва, ул. 2-я Хуторская, д.38А, стр.26",tcs,RUB,https://www.banki.ru/products/credits/credit/3427/,17.9,31.9,"17,9–31,9%",,,200000,30000000,200 000–30 000 000 ₽,365,5475,1y,15y,4,,,,,,,,
17349,20075003,credit,На высшее образование,На высшее образование,https://www.banki.ru/products/credits/credit/200750/,https://cdn.banki.ru/cdn/bank/195706_mobile_logo_url.png,04.09.2026 10:32,195706,1957061,bank,Т-Банк,https://cdn.banki.ru/cdn/bank/195706_mobile_logo_url.png,2673,www.tbank.ru,8 800 555-10-10,"127287, г. Москва, ул. 2-я Хуторская, д.38А, стр.26",tcs,RUB,https://www.banki.ru/products/credits/credit/200750/,3.0,3.0,3%,,,5000,6000000,5 000–6 000 000 ₽,365,9125,1y,25y,4,,,,,,,,
20556,21119703,credit,Партнерский продукт «Финансирование с низким чеком»,Партнерский продукт «Финансирование с низким чеком»,https://www.banki.ru/products/credits/credit/211197/,https://cdn.banki.ru/cdn/bank/325_mobile_logo_url.png,04.09.2026 10:37,325,3251,bank,Альфа-Банк,https://cdn.banki.ru/cdn/bank/325_mobile_logo_url.png,1326,www.alfabank.ru,8 800 200-00-00,"107078, г. Москва, ул. Каланчевская, д. 27",alfabank,RUB,https://www.banki.ru/products/credits/credit/211197/,32.0,200.0,32–200%,,,10000,500000,10 000–500 000 ₽,183,1825,6m,5y,4,,,,,,,,
18848,20113503,credit,Наличными (для новых клиентов),Наличными (для новых клиентов),https://www.banki.ru/products/credits/credit/201135/,https://cdn.banki.ru/cdn/bank/325_mobile_logo_url.png,04.09.2026 10:35,325,3251,bank,Альфа-Банк,https://cdn.banki.ru/cdn/bank/325_mobile_logo_url.png,1326,www.alfabank.ru,8 800 200-00-00,"107078, г. Москва, ул. Каланчевская, д. 27",alfabank,RUB,https://www.banki.ru/products/credits/credit/201135/,18.99,55.89,"18,99–55,89%",,,30000,7500000,30 000–7 500 000 ₽,365,1825,5y,5y,4,,,,,,,,
20284,21118603,credit,Наличными (без визита в банк),Наличными (без визита в банк),https://www.banki.ru/products/credits/credit/211186/,https://cdn.banki.ru/cdn/bank/325_mobile_logo_url.png,04.09.2026 10:35,325,3251,bank,Альфа-Банк,https://cdn.banki.ru/cdn/bank/325_mobile_logo_url.png,1326,www.alfabank.ru,8 800 200-00-00,"107078, г. Москва, ул. Каланчевская, д. 27",alfabank,RUB,https://www.banki.ru/products/credits/credit/211186/,18.99,55.99,"18,99–55,99%",,,30000,7500000,30 000–7 500 000 ₽,365,1825,5y,5y,4,,,,,,,,
19855,20115603,credit,На любые цели под залог,На любые цели под залог,https://www.banki.ru/products/credits/credit/201156/,https://cdn.banki.ru/cdn/bank/325_mobile_logo_url.png,04.09.2026 10:38,325,3251,bank,Альфа-Банк,https://cdn.banki.ru/cdn/bank/325_mobile_logo_url.png,1326,www.alfabank.ru,8 800 200-00-00,"107078, г. Москва, ул. Каланчевская, д. 27",alfabank,RUB,https://www.banki.ru/products/credits/credit/201156/,12.9,29.9,"12,9–29,9%",,,500000,30000000,500 000–30 000 000 ₽,365,5475,1y,15y,4,,,,,,,,
20360,20116403,credit,На любые цели под залог недвижимости,На любые цели под залог недвижимости,https://www.banki.ru/products/credits/credit/201164/,https://cdn.banki.ru/cdn/bank/325_mobile_logo_url.png,04.09.2026 10:38,325,3251,bank,Альфа-Банк,https://cdn.banki.ru/cdn/bank/325_mobile_logo_url.png,1326,www.alfabank.ru,8 800 200-00-00,"107078, г. Москва, ул. Каланчевская, д. 27",alfabank,RUB,https://www.banki.ru/products/credits/credit/201164/,12.9,29.9,"12,9–29,9%",,,500000,30000000,500 000–30 000 000 ₽,365,5475,1y,15y,4,,,,,,,,
19334,284103,credit,Под залог недвижимости для новых клиентов,Под залог недвижимости для новых клиентов,https://www.banki.ru/products/credits/credit/2841/,https://cdn.banki.ru/cdn/bank/325_mobile_logo_url.png,04.09.2026 10:47,325,3251,bank,Альфа-Банк,https://cdn.banki.ru/cdn/bank/325_mobile_logo_url.png,1326,www.alfabank.ru,8 800 200-00-00,"107078, г. Москва, ул. Каланчевская, д. 27",alfabank,RUB,https://www.banki.ru/products/credits/credit/2841/,12.9,29.9,"12,9–29,9%",,,500000,30000000,500 000–30 000 000 ₽,365,5475,1y,15y,4,,,,,,,,
20427,20116603,credit,Под залог недвижимости,Под залог недвижимости,https://www.banki.ru/products/credits/credit/201166/,https://cdn.banki.ru/cdn/card-designs/Group_7facb8d5d6.png,04.09.2026 10:54,3,31,bank,Поволжское ОВК ,https://cdn.banki.ru/cdn/card-designs/Group_7facb8d5d6.png,-,https://ovk-volga.ru,8 800 24-93-33,"410056, г. Саратов, ул. Cоветская, №86/70",ovkvolga,RUB,https://www.banki.ru/products/credits/credit/201166/,9.3,24.0,"9,3–24%",,,100000,10000000,100 000–10 000 000 ₽,183,1095,6m,3y,4,,,,,,,,
19449,524303,credit,Под залог квартиры,Под залог квартиры,https://www.banki.ru/products/credits/credit/5243/,https://cdn.banki.ru/cdn/bank/11948217_mobile_logo_url.png,04.09.2026 10:52,11948217,119482171,bank,Credit.Club,https://cdn.banki.ru/cdn/bank/11948217_mobile_logo_url.png,—,credit.club,8 800-775-80-09,"г. Екатеринбург, ул. Малышева, 51
",creditclub,RUB,https://www.banki.ru/products/credits/credit/5243/,16.9,26.9,"16,9–26,9%",,,300000,15000000,300 000–15 000 000 ₽,365,7300,1y,20y,4,,,,,,,,
16818,280303,credit,На любые цели ,На любые цели ,https://www.banki.ru/products/credits/credit/2803/,https://cdn.banki.ru/cdn/card-designs/psb_2_2_4aa31add26.png,04.09.2026 11:07,5306,53061,bank,ПСБ,https://cdn.banki.ru/cdn/card-designs/psb_2_2_4aa31add26.png,3251,www.psbank.ru,8 800 333-03-03,"150003, г. Ярославль, ул. Республиканская, д. 16",promsvyazbank,RUB,https://www.banki.ru/products/credits/credit/2803/,20.9,36.9,"20,9–36,9%",,,100000,5000000,100 000–5 000 000 ₽,365,1825,1y,5y,4,,,,,,,,
17023,455103,credit,Для работников ОПК и военнослужащих,Для работников ОПК и военнослужащих,https://www.banki.ru/products/credits/credit/4551/,https://cdn.banki.ru/cdn/card-designs/psb_2_2_4aa31add26.png,27.08.2026 17:45,5306,53061,bank,ПСБ,https://cdn.banki.ru/cdn/card-designs/psb_2_2_4aa31add26.png,3251,www.psbank.ru,8 800 333-03-03,"150003, г. Ярославль, ул. Республиканская, д. 16",promsvyazbank,RUB,https://www.banki.ru/products/credits/credit/4551/,16.9,36.9,"16,9–36,9%",,,100000,10000000,100 000–10 000 000 ₽,365,3650,1y,10y,4,,,,,,,,
19311,403,credit,На любые цели под залог недвижимости,На любые цели под залог недвижимости,https://www.banki.ru/products/credits/credit/4/,https://cdn.banki.ru/cdn/bank/322_mobile_logo_url.png,04.09.2026 11:15,322,3221,bank,Сбербанк,https://cdn.banki.ru/cdn/bank/322_mobile_logo_url.png,1481,www.sberbank.ru,8 800 555-55-50,"117997, г. Москва, ул. Вавилова, д. 19",sberbank,RUB,https://www.banki.ru/products/credits/credit/4/,16.2,29.722,"16,2–29,722%",,,200000,20000000,200 000–20 000 000 ₽,365,10950,1y,30y,4,,,,,,,,
16731,103,credit,На любые цели,На любые цели,https://www.banki.ru/products/credits/credit/1/,https://cdn.banki.ru/cdn/bank/322_mobile_logo_url.png,31.08.2026 17:35,322,3221,bank,Сбербанк,https://cdn.banki.ru/cdn/bank/322_mobile_logo_url.png,1481,www.sberbank.ru,8 800 555-55-50,"117997, г. Москва, ул. Вавилова, д. 19",sberbank,RUB,https://www.banki.ru/products/credits/credit/1/,20.4,49.9,"20,4–49,9%",,,10000,30000000,10 000–30 000 000 ₽,31,1825,1m,5y,4,,,,,,,,
16741,17903,credit,Образовательный,Образовательный,https://www.banki.ru/products/credits/credit/179/,https://cdn.banki.ru/cdn/bank/322_mobile_logo_url.png,26.08.2026 16:35,322,3221,bank,Сбербанк,https://cdn.banki.ru/cdn/bank/322_mobile_logo_url.png,1481,www.sberbank.ru,8 800 555-55-50,"117997, г. Москва, ул. Вавилова, д. 19",sberbank,RUB,https://www.banki.ru/products/credits/credit/179/,3.0,3.0,3%,,,10000,10000000,10 000–10 000 000 ₽,5475,5475,15y,15y,4,,,,,,,,
16919,385303,credit,Топ-менеджер,Топ-менеджер,https://www.banki.ru/products/credits/credit/3853/,,31.08.2026 13:41,195603,1956031,bank,Крона-Банк,,2499,www.krona-bank.ru,+7 (3952) 25-25-05,"664007, г. Иркутск, ул. Дзержинского, д. 29",krona-bank,RUB,https://www.banki.ru/products/credits/credit/3853/,19.5,21.5,"19,5–21,5%",,,500000,5000000,500 000–5 000 000 ₽,92,1825,1m3y,5y,4,,,,,,,,
16886,356203,credit,Наличными,Наличными,https://www.banki.ru/products/credits/credit/3562/,https://cdn.banki.ru/cdn/card-designs/logo_sign_1_1_17f5f5bc7b.png,27.08.2026 18:28,2237,22371,bank,Банк ДОМ.РФ,https://cdn.banki.ru/cdn/card-designs/logo_sign_1_1_17f5f5bc7b.png,2312,domrfbank.ru,8 800 775-86-86 ,"125009, г. Москва, ул. Воздвиженка, д. 10",domrfbank,RUB,https://www.banki.ru/products/credits/credit/3562/,14.7,38.4,"14,7–38,4%",,,100000,10000000,100 000–10 000 000 ₽,730,2555,2y,7y,4,,,,,,,,
19722,20114903,credit,Под залог квартиры,Под залог квартиры,https://www.banki.ru/products/credits/credit/201149/,https://cdn.banki.ru/cdn/card-designs/logo_sign_1_1_17f5f5bc7b.png,27.08.2026 18:28,2237,22371,bank,Банк ДОМ.РФ,https://cdn.banki.ru/cdn/card-designs/logo_sign_1_1_17f5f5bc7b.png,2312,domrfbank.ru,8 800 775-86-86 ,"125009, г. Москва, ул. Воздвиженка, д. 10",domrfbank,RUB,https://www.banki.ru/products/credits/credit/201149/,27.0,28.0,27–28%,,,500000,30000000,500 000–30 000 000 ₽,1095,10950,3y,30y,4,,,,,,,,
17030,457803,credit,Наличными,Наличными,https://www.banki.ru/products/credits/credit/4578/,https://cdn.banki.ru/cdn/bank/2764_mobile_logo_url.png,28.08.2026 13:30,2764,27641,bank,Газпромбанк,https://cdn.banki.ru/cdn/bank/2764_mobile_logo_url.png,354,www.gazprombank.ru,8 800 300-60-90,"117420, г. Москва, ул. Наметкина, д. 16, корп. 1.",gazprombank,RUB,https://www.banki.ru/products/credits/credit/4578/,25.4,44.7,"25,4–44,7%",,,50000,7000000,50 000–7 000 000 ₽,397,1825,13m,5y,4,,,,,,,,
17132,499403,credit,Универсальный,Универсальный,https://www.banki.ru/products/credits/credit/4994/,https://cdn.banki.ru/cdn/bank/2764_mobile_logo_url.png,28.08.2026 13:24,2764,27641,bank,Газпромбанк,https://cdn.banki.ru/cdn/bank/2764_mobile_logo_url.png,354,www.gazprombank.ru,8 800 300-60-90,"117420, г. Москва, ул. Наметкина, д. 16, корп. 1.",gazprombank,RUB,https://www.banki.ru/products/credits/credit/4994/,27.9,29.9,"27,9–29,9%",,,500000,7000000,500 000–7 000 000 ₽,397,1825,13m,5y,4,,,,,,,,
19357,377603,credit,На любые цели под залог недвижимости,На любые цели под залог недвижимости,https://www.banki.ru/products/credits/credit/3776/,https://cdn.banki.ru/cdn/bank/2764_mobile_logo_url.png,02.09.2026 17:00,2764,27641,bank,Газпромбанк,https://cdn.banki.ru/cdn/bank/2764_mobile_logo_url.png,354,www.gazprombank.ru,8 800 300-60-90,"117420, г. Москва, ул. Наметкина, д. 16, корп. 1.",gazprombank,RUB,https://www.banki.ru/products/credits/credit/3776/,20.4,26.8,"20,4–26,8%",,,500000,30000000,500 000–30 000 000 ₽,1460,7300,4y,20y,4,,,,,,,,
16742,20503,credit,Со сниженным платежом,Со сниженным платежом,https://www.banki.ru/products/credits/credit/205/,https://cdn.banki.ru/cdn/bank/4725_mobile_logo_url.png,04.09.2026 17:48,4725,47251,bank,Россельхозбанк,https://cdn.banki.ru/cdn/bank/4725_mobile_logo_url.png,3349,www.rshb.ru,8 800 100-01-00,"119034, г. Москва, Гагаринский пер., д. 3",rshb,RUB,https://www.banki.ru/products/credits/credit/205/,24.1,36.1,"24,1–36,1%",,,30000,5000000,30 000–5 000 000 ₽,183,1825,6m,5y,4,,,,,,,,
17066,471103,credit,Газомоторное топливо,Газомоторное топливо,https://www.banki.ru/products/credits/credit/4711/,https://cdn.banki.ru/cdn/bank/4725_mobile_logo_url.png,04.09.2026 17:48,4725,47251,bank,Россельхозбанк,https://cdn.banki.ru/cdn/bank/4725_mobile_logo_url.png,3349,www.rshb.ru,8 800 100-01-00,"119034, г. Москва, Гагаринский пер., д. 3",rshb,RUB,https://www.banki.ru/products/credits/credit/4711/,27.9,33.4,"27,9–33,4%",,,30000,300000,30 000–300 000 ₽,365,1095,1y,3y,4,,,,,,,,
17089,481803,credit,На благоустройство для жителей села,На благоустройство для жителей села,https://www.banki.ru/products/credits/credit/4818/,https://cdn.banki.ru/cdn/bank/4725_mobile_logo_url.png,04.09.2026 17:48,4725,47251,bank,Россельхозбанк,https://cdn.banki.ru/cdn/bank/4725_mobile_logo_url.png,3349,www.rshb.ru,8 800 100-01-00,"119034, г. Москва, Гагаринский пер., д. 3",rshb,RUB,https://www.banki.ru/products/credits/credit/4818/,3.25,33.0,"3,25–33%",,,30000,700000,30 000–700 000 ₽,365,1825,1y,5y,4,,,,,,,,
16807,261503,credit,Наличными,Наличными,https://www.banki.ru/products/credits/credit/2615/,https://cdn.banki.ru/cdn/bank/11518_mobile_logo_url.png,27.08.2026 17:04,11518,115181,bank,Банк ТКБ,https://cdn.banki.ru/cdn/bank/11518_mobile_logo_url.png,2210,www.tkbbank.ru,8 800 100-32-00,"109147, г. Москва, ул. Воронцовская, д. 27/35",transcapitalbank,RUB,https://www.banki.ru/products/credits/credit/2615/,18.5,33.5,"18,5–33,5%",,,50000,1500000,50 000–1 500 000 ₽,397,1825,13m,5y,4,,,,,,,,
20331,20116303,credit,Удобный,Удобный,https://www.banki.ru/products/credits/credit/201163/,https://cdn.banki.ru/cdn/bank/11518_mobile_logo_url.png,27.08.2026 17:05,11518,115181,bank,Банк ТКБ,https://cdn.banki.ru/cdn/bank/11518_mobile_logo_url.png,2210,www.tkbbank.ru,8 800 100-32-00,"109147, г. Москва, ул. Воронцовская, д. 27/35",transcapitalbank,RUB,https://www.banki.ru/products/credits/credit/201163/,20.1,27.25,"20,1–27,25%",,,500000,100000000,500 000–100 000 000 ₽,1095,9125,3y,25y,4,,,,,,,,
17636,20103903,credit,Обеспеченный,Обеспеченный,https://www.banki.ru/products/credits/credit/201039/,https://cdn.banki.ru/cdn/bank/11518_mobile_logo_url.png,27.08.2026 17:05,11518,115181,bank,Банк ТКБ,https://cdn.banki.ru/cdn/bank/11518_mobile_logo_url.png,2210,www.tkbbank.ru,8 800 100-32-00,"109147, г. Москва, ул. Воронцовская, д. 27/35",transcapitalbank,RUB,https://www.banki.ru/products/credits/credit/201039/,17.5,32.5,"17,5–32,5%",,,100000,3000000,100 000–3 000 000 ₽,397,1825,13m,5y,4,,,,,,,,
19340,304103,credit,Под залог недвижимого имущества,Под залог недвижимого имущества,https://www.banki.ru/products/credits/credit/3041/,https://cdn.banki.ru/cdn/bank/12092_mobile_logo_url.png,03.09.2026 16:28,12092,120921,bank,ББР Банк,https://cdn.banki.ru/cdn/bank/12092_mobile_logo_url.png,2929,www.bbr.ru,8 800 220-40-00,"121099, Москва, 1-й Николощеповский пер., 6, стр. 1",bbrbank,RUB,https://www.banki.ru/products/credits/credit/3041/,20.5,21.7,"20,5–21,7%",,,1000000,30000000,1 000 000–30 000 000 ₽,1095,3650,3y,10y,4,,,,,,,,
16911,377803,credit,Под залог движимого имущества,Под залог движимого имущества,https://www.banki.ru/products/credits/credit/3778/,https://cdn.banki.ru/cdn/bank/12092_mobile_logo_url.png,03.09.2026 16:27,12092,120921,bank,ББР Банк,https://cdn.banki.ru/cdn/bank/12092_mobile_logo_url.png,2929,www.bbr.ru,8 800 220-40-00,"121099, Москва, 1-й Николощеповский пер., 6, стр. 1",bbrbank,RUB,https://www.banki.ru/products/credits/credit/3778/,21.5,22.4,"21,5–22,4%",,,450000,6000000,450 000–6 000 000 ₽,730,1825,2y,5y,4,,,,,,,,
19824,20115403,credit,Под залог недвижимости,Под залог недвижимости,https://www.banki.ru/products/credits/credit/201154/,https://cdn.banki.ru/cdn/bank/16995_mobile_logo_url.png,02.09.2026 17:11,16995,169951,bank,ВБРР,https://cdn.banki.ru/cdn/bank/16995_mobile_logo_url.png,3287,www.vbrr.ru,8 800 700-03-49 ,"129594, г. Москва, ул. Сущевский вал, д. 65, корп. 1",vbrr,RUB,https://www.banki.ru/products/credits/credit/201154/,18.9,20.4,"18,9–20,4%",,,500000,60000000,500 000–60 000 000 ₽,1825,10950,5y,30y,4,,,,,,,,
16740,14403,credit,Стандартный ,Стандартный ,https://www.banki.ru/products/credits/credit/144/,https://cdn.banki.ru/cdn/bank/63520_mobile_logo_url.png,27.08.2026 13:07,63520,635201,bank,Уралсиб,https://cdn.banki.ru/cdn/bank/63520_mobile_logo_url.png,30,www.uralsib.ru,8 800 250-57-57,"119048, г. Москва, ул. Ефремова, д. 8",uralsib,RUB,https://www.banki.ru/products/credits/credit/144/,7.0,51.0,7–51%,,,30000,2000000,30 000–2 000 000 ₽,397,2555,13m,7y,4,,,,,,,,
19380,438703,credit,Под залог недвижимости,Под залог недвижимости,https://www.banki.ru/products/credits/credit/4387/,https://cdn.banki.ru/cdn/bank/63520_mobile_logo_url.png,27.08.2026 13:12,63520,635201,bank,Уралсиб,https://cdn.banki.ru/cdn/bank/63520_mobile_logo_url.png,30,www.uralsib.ru,8 800 250-57-57,"119048, г. Москва, ул. Ефремова, д. 8",uralsib,RUB,https://www.banki.ru/products/credits/credit/4387/,21.0,23.0,21–23%,,,1500000,20000000,1 500 000–20 000 000 ₽,365,5475,1y,15y,4,,,,,,,,
19830,21115103,credit,Образовательный,Образовательный,https://www.banki.ru/products/credits/credit/211151/,https://cdn.banki.ru/cdn/bank/68683_mobile_logo_url.png,27.08.2026 17:16,68683,686831,bank,Банк «РОССИЯ»,https://cdn.banki.ru/cdn/bank/68683_mobile_logo_url.png,328,www.abr.ru,8 800 100-11-11 ,"191124, г. Санкт-Петербург, пл. Растрелли, д. 2, стр.1",rossiya,RUB,https://www.banki.ru/products/credits/credit/211151/,3.0,3.0,3%,,,1000,100000000,1 000–100 000 000 ₽,5475,9125,15y,25y,4,,,,,,,,
16976,422903,credit,Деньги — возможности ,Деньги — возможности ,https://www.banki.ru/products/credits/credit/4229/,https://cdn.banki.ru/cdn/bank/68683_mobile_logo_url.png,27.08.2026 17:14,68683,686831,bank,Банк «РОССИЯ»,https://cdn.banki.ru/cdn/bank/68683_mobile_logo_url.png,328,www.abr.ru,8 800 100-11-11 ,"191124, г. Санкт-Петербург, пл. Растрелли, д. 2, стр.1",rossiya,RUB,https://www.banki.ru/products/credits/credit/4229/,20.5,30.5,"20,5–30,5%",,,100000,5000000,100 000–5 000 000 ₽,365,1825,1y,5y,4,,,,,,,,
17226,515303,credit,На газификацию,На газификацию,https://www.banki.ru/products/credits/credit/5153/,https://cdn.banki.ru/cdn/bank/68683_mobile_logo_url.png,27.08.2026 17:15,68683,686831,bank,Банк «РОССИЯ»,https://cdn.banki.ru/cdn/bank/68683_mobile_logo_url.png,328,www.abr.ru,8 800 100-11-11 ,"191124, г. Санкт-Петербург, пл. Растрелли, д. 2, стр.1",rossiya,RUB,https://www.banki.ru/products/credits/credit/5153/,20.5,20.5,"20,5%",,,100000,300000,100 000–300 000 ₽,549,1825,18m,5y,4,,,,,,,,
17631,20103403,credit,Деньги — возможности (под залог авто),Деньги — возможности (под залог авто),https://www.banki.ru/products/credits/credit/201034/,https://cdn.banki.ru/cdn/bank/68683_mobile_logo_url.png,27.08.2026 17:14,68683,686831,bank,Банк «РОССИЯ»,https://cdn.banki.ru/cdn/bank/68683_mobile_logo_url.png,328,www.abr.ru,8 800 100-11-11 ,"191124, г. Санкт-Петербург, пл. Растрелли, д. 2, стр.1",rossiya,RUB,https://www.banki.ru/products/credits/credit/201034/,18.5,28.5,"18,5–28,5%",,,100000,5000000,100 000–5 000 000 ₽,365,2555,1y,7y,4,,,,,,,,
20297,20116103,credit,Наличными,Наличными,https://www.banki.ru/products/credits/credit/201161/,https://cdn.banki.ru/cdn/bank/196721_mobile_logo_url.png,31.08.2026 18:53,196721,1967211,bank,Агророс Банк,https://cdn.banki.ru/cdn/bank/196721_mobile_logo_url.png,2860,www.agroros.ru,8 800 222-44-19 ,"410017, г. Саратов, ул. Чернышевского, д. 90",agroros,RUB,https://www.banki.ru/products/credits/credit/201161/,20.5,25.0,"20,5–25%",,,1000000,50000000,1 000 000–50 000 000 ₽,30,3650,1m,10y,4,,,,,,,,
19485,20105803,credit,По паспорту (с обеспечением),По паспорту (с обеспечением),https://www.banki.ru/products/credits/credit/201058/,https://cdn.banki.ru/cdn/bank/192862_mobile_logo_url.png,31.08.2026 13:29,192862,1928621,bank,Хлынов,https://cdn.banki.ru/cdn/bank/192862_mobile_logo_url.png,254,www.bank-hlynov.ru,8 800 250-27-77,"610002, г. Киров, ул. Успенская, д. 40",hlynov,RUB,https://www.banki.ru/products/credits/credit/201058/,32.9,32.9,"32,9%",,,5000,100000,5 000–100 000 ₽,92,1825,3m,5y,4,,,,,,,,
19324,155603,credit,Потребительский (с обеспечением),Потребительский (с обеспечением),https://www.banki.ru/products/credits/credit/1556/,https://cdn.banki.ru/cdn/bank/192862_mobile_logo_url.png,31.08.2026 13:29,192862,1928621,bank,Хлынов,https://cdn.banki.ru/cdn/bank/192862_mobile_logo_url.png,254,www.bank-hlynov.ru,8 800 250-27-77,"610002, г. Киров, ул. Успенская, д. 40",hlynov,RUB,https://www.banki.ru/products/credits/credit/1556/,20.9,28.9,"20,9–28,9%",,,1500001,3000000,1 500 001–3 000 000 ₽,92,1825,3m,5y,4,,,,,,,,
16783,155503,credit,Потребительский,Потребительский,https://www.banki.ru/products/credits/credit/1555/,https://cdn.banki.ru/cdn/bank/192862_mobile_logo_url.png,31.08.2026 13:25,192862,1928621,bank,Хлынов,https://cdn.banki.ru/cdn/bank/192862_mobile_logo_url.png,254,www.bank-hlynov.ru,8 800 250-27-77,"610002, г. Киров, ул. Успенская, д. 40",hlynov,RUB,https://www.banki.ru/products/credits/credit/1555/,23.9,28.9,"23,9–28,9%",,,30000,1500000,30 000–1 500 000 ₽,92,1825,3m,5y,4,,,,,,,,
17049,463803,credit,По паспорту,По паспорту,https://www.banki.ru/products/credits/credit/4638/,https://cdn.banki.ru/cdn/bank/192862_mobile_logo_url.png,31.08.2026 13:23,192862,1928621,bank,Хлынов,https://cdn.banki.ru/cdn/bank/192862_mobile_logo_url.png,254,www.bank-hlynov.ru,8 800 250-27-77,"610002, г. Киров, ул. Успенская, д. 40",hlynov,RUB,https://www.banki.ru/products/credits/credit/4638/,35.9,35.9,"35,9%",,,5000,100000,5 000–100 000 ₽,92,1825,3m,5y,4,,,,,,,,
19366,394203,credit,Целевой,Целевой,https://www.banki.ru/products/credits/credit/3942/,https://cdn.banki.ru/cdn/bank/192862_mobile_logo_url.png,31.08.2026 13:30,192862,1928621,bank,Хлынов,https://cdn.banki.ru/cdn/bank/192862_mobile_logo_url.png,254,www.bank-hlynov.ru,8 800 250-27-77,"610002, г. Киров, ул. Успенская, д. 40",hlynov,RUB,https://www.banki.ru/products/credits/credit/3942/,18.9,28.9,"18,9–28,9%",,,1000000,3000000,1 000 000–3 000 000 ₽,92,1825,3m,5y,4,,,,,,,,
17612,20101503,credit,Кузнецкий лайт,Кузнецкий лайт,https://www.banki.ru/products/credits/credit/201015/,,02.09.2026 16:25,194898,1948981,bank,Банк «Кузнецкий»,,609,www.kuzbank.ru,8 800 100-64-10  ,"440000, г. Пенза, ул. Красная, д. 104",kuznetsky,RUB,https://www.banki.ru/products/credits/credit/201015/,34.9,54.9,"34,9–54,9%",,,20000,100000,20 000–100 000 ₽,31,1825,1m,5y,4,,,,,,,,
