productId,productUid,productType,productName,name,url,smallImage,updatedAt,partner_id,partner_uid,partner_type,partner_name,partner_image,partner_license,partner_url,partner_phone,partner_address,partner_code,meta_currency,meta_detailLink,meta_rateMin,meta_rateMax,meta_rateRange,meta_fullCreditRateMin,meta_fullCreditRateMax,meta_amountMin,meta_amountMax,meta_amountRange,meta_termMin,meta_termMax,meta_periodFromNotation,meta_periodToNotation,meta_termUnit,meta_issuanceCostMin,meta_issuanceCostMax,meta_annualServiceMin,meta_annualServiceMax,meta_cashWithdrawalsAtAtms,meta_cashWithdrawalsAtOtherBankAtms,meta_initialFeeMin,meta_initialFeeMax
17280,523203,credit,Запросто,Запросто,https://www.banki.ru/products/credits/credit/5232/,https://cdn.banki.ru/cdn/bank/96003_mobile_logo_url.png,19.12.2025 11:23,96003,960031,bank,Банк Синара,https://cdn.banki.ru/cdn/bank/96003_mobile_logo_url.png,705,www.sinara.ru,8 800 100-06-00,"620026, г. Екатеринбург, ул. Куйбышева, д. 75",skb-bank,RUB,https://www.banki.ru/products/credits/credit/5232/,5.5,39.0,"5,5–39%",,,51000,5440000,51 000–5 440 000 ₽,365,1825,1y,5y,4,,,,,,,,
16757,64703,credit,Запросто,Запросто,https://www.banki.ru/products/credits/credit/647/,https://cdn.banki.ru/cdn/bank/96003_mobile_logo_url.png,19.12.2025 11:23,96003,960031,bank,Банк Синара,https://cdn.banki.ru/cdn/bank/96003_mobile_logo_url.png,705,www.sinara.ru,8 800 100-06-00,"620026, г. Екатеринбург, ул. Куйбышева, д. 75",skb-bank,RUB,https://www.banki.ru/products/credits/credit/647/,5.5,39.0,"5,5–39%",,,51000,5440000,51 000–5 440 000 ₽,365,1825,1y,5y,4,,,,,,,,
19306,20113103,credit,Под залог недвижимости «Большая покупка»,Под залог недвижимости «Большая покупка»,https://www.banki.ru/products/credits/credit/201131/,https://cdn.banki.ru/cdn/bank/96003_mobile_logo_url.png,19.12.2025 12:11,96003,960031,bank,Банк Синара,https://cdn.banki.ru/cdn/bank/96003_mobile_logo_url.png,705,www.sinara.ru,8 800 100-06-00,"620026, г. Екатеринбург, ул. Куйбышева, д. 75",skb-bank,RUB,https://www.banki.ru/products/credits/credit/201131/,10.9,23.5,"10,9–23,5%",,,700000,13750000,700 000–13 750 000 ₽,365,5475,1y,15y,4,,,,,,,,
17630,20103303,credit,Прайм Хит,Прайм Хит,https://www.banki.ru/products/credits/credit/201033/,https://cdn.banki.ru/cdn/bank/76620_mobile_logo_url.png,19.12.2025 10:55,76620,766201,bank,Совкомбанк,https://cdn.banki.ru/cdn/bank/76620_mobile_logo_url.png,963,www.sovcombank.ru,8 800 100-00-06,"156000, г. Кострома, просп. Текстильщиков, д. 46
",sovcombank,RUB,https://www.banki.ru/products/credits/credit/201033/,14.9,39.9,"14,9–39,9%",,,300000,5000000,300 000–5 000 000 ₽,365,1825,1y,5y,4,,,,,,,,
17600,20100203,credit,Прайм «Специальный»,Прайм «Специальный»,https://www.banki.ru/products/credits/credit/201002/,https://cdn.banki.ru/cdn/bank/76620_mobile_logo_url.png,19.12.2025 10:49,76620,766201,bank,Совкомбанк,https://cdn.banki.ru/cdn/bank/76620_mobile_logo_url.png,963,www.sovcombank.ru,8 800 100-00-06,"156000, г. Кострома, просп. Текстильщиков, д. 46
",sovcombank,RUB,https://www.banki.ru/products/credits/credit/201002/,14.9,39.9,"14,9–39,9%",,,30000,3000000,30 000–3 000 000 ₽,365,1825,1y,5y,4,,,,,,,,
17115,494603,credit,Прайм «Выгодный»,Прайм «Выгодный»,https://www.banki.ru/products/credits/credit/4946/,https://cdn.banki.ru/cdn/bank/76620_mobile_logo_url.png,19.12.2025 10:57,76620,766201,bank,Совкомбанк,https://cdn.banki.ru/cdn/bank/76620_mobile_logo_url.png,963,www.sovcombank.ru,8 800 100-00-06,"156000, г. Кострома, просп. Текстильщиков, д. 46
",sovcombank,RUB,https://www.banki.ru/products/credits/credit/4946/,14.9,39.9,"14,9–39,9%",,,300000,5000000,300 000–5 000 000 ₽,365,1825,1y,5y,4,,,,,,,,
17033,458803,credit,Супер плюс,Супер плюс,https://www.banki.ru/products/credits/credit/4588/,https://cdn.banki.ru/cdn/bank/76620_mobile_logo_url.png,19.12.2025 10:54,76620,766201,bank,Совкомбанк,https://cdn.banki.ru/cdn/bank/76620_mobile_logo_url.png,963,www.sovcombank.ru,8 800 100-00-06,"156000, г. Кострома, просп. Текстильщиков, д. 46
",sovcombank,RUB,https://www.banki.ru/products/credits/credit/4588/,19.9,36.9,"19,9–36,9%",,,200000,3000000,200 000–3 000 000 ₽,549,1825,18m,5y,4,,,,,,,,
16814,277003,credit,Стандартный плюс,Стандартный плюс,https://www.banki.ru/products/credits/credit/2770/,https://cdn.banki.ru/cdn/bank/76620_mobile_logo_url.png,19.12.2025 10:56,76620,766201,bank,Совкомбанк,https://cdn.banki.ru/cdn/bank/76620_mobile_logo_url.png,963,www.sovcombank.ru,8 800 100-00-06,"156000, г. Кострома, просп. Текстильщиков, д. 46
",sovcombank,RUB,https://www.banki.ru/products/credits/credit/2770/,19.9,38.9,"19,9–38,9%",,,50000,399999,50 000–399 999 ₽,365,1825,5y,5y,4,,,,,,,,
17673,20107603,credit,Под залог авто,Под залог авто,https://www.banki.ru/products/credits/credit/201076/,https://cdn.banki.ru/cdn/bank/76620_mobile_logo_url.png,19.12.2025 11:00,76620,766201,bank,Совкомбанк,https://cdn.banki.ru/cdn/bank/76620_mobile_logo_url.png,963,www.sovcombank.ru,8 800 100-00-06,"156000, г. Кострома, просп. Текстильщиков, д. 46
",sovcombank,RUB,https://www.banki.ru/products/credits/credit/201076/,19.9,35.9,"19,9–35,9%",,,100000,15000000,100 000–15 000 000 ₽,365,3650,1y,10y,4,,,,,,,,
16934,394503,credit,Денежный кредит под залог авто «Выгодный»,Денежный кредит под залог авто «Выгодный»,https://www.banki.ru/products/credits/credit/3945/,https://cdn.banki.ru/cdn/bank/76620_mobile_logo_url.png,19.12.2025 11:00,76620,766201,bank,Совкомбанк,https://cdn.banki.ru/cdn/bank/76620_mobile_logo_url.png,963,www.sovcombank.ru,8 800 100-00-06,"156000, г. Кострома, просп. Текстильщиков, д. 46
",sovcombank,RUB,https://www.banki.ru/products/credits/credit/3945/,14.9,39.9,"14,9–39,9%",,,150000,15000000,150 000–15 000 000 ₽,365,1825,1y,5y,4,,,,,,,,
16833,306303,credit,Пенсионный плюс,Пенсионный плюс,https://www.banki.ru/products/credits/credit/3063/,https://cdn.banki.ru/cdn/bank/76620_mobile_logo_url.png,19.12.2025 10:58,76620,766201,bank,Совкомбанк,https://cdn.banki.ru/cdn/bank/76620_mobile_logo_url.png,963,www.sovcombank.ru,8 800 100-00-06,"156000, г. Кострома, просп. Текстильщиков, д. 46
",sovcombank,RUB,https://www.banki.ru/products/credits/credit/3063/,19.9,37.9,"19,9–37,9%",,,50000,399999,50 000–399 999 ₽,365,1825,5y,5y,4,,,,,,,,
19409,500703,credit,«Выгодный»,«Выгодный»,https://www.banki.ru/products/credits/credit/5007/,https://cdn.banki.ru/cdn/bank/76620_mobile_logo_url.png,19.12.2025 11:05,76620,766201,bank,Совкомбанк,https://cdn.banki.ru/cdn/bank/76620_mobile_logo_url.png,963,www.sovcombank.ru,8 800 100-00-06,"156000, г. Кострома, просп. Текстильщиков, д. 46
",sovcombank,RUB,https://www.banki.ru/products/credits/credit/5007/,19.9,19.9,"19,9%",,,200000,30000000,200 000–30 000 000 ₽,1095,5475,3y,15y,4,,,,,,,,
19367,394403,credit,Под залог недвижимости,Под залог недвижимости,https://www.banki.ru/products/credits/credit/3944/,https://cdn.banki.ru/cdn/bank/76620_mobile_logo_url.png,19.12.2025 11:05,76620,766201,bank,Совкомбанк,https://cdn.banki.ru/cdn/bank/76620_mobile_logo_url.png,963,www.sovcombank.ru,8 800 100-00-06,"156000, г. Кострома, просп. Текстильщиков, д. 46
",sovcombank,RUB,https://www.banki.ru/products/credits/credit/3944/,31.9,33.9,"31,9–33,9%",,,200000,30000000,200 000–30 000 000 ₽,1095,5475,3y,15y,4,,,,,,,,
18848,20113503,credit,Наличными ,Наличными ,https://www.banki.ru/products/credits/credit/201135/,https://cdn.banki.ru/cdn/bank/325_mobile_logo_url.png,19.12.2025 11:36,325,3251,bank,Альфа-Банк,https://cdn.banki.ru/cdn/bank/325_mobile_logo_url.png,1326,www.alfabank.ru,8 800 200-00-00,"107078, г. Москва, ул. Каланчевская, д. 27",alfabank,RUB,https://www.banki.ru/products/credits/credit/201135/,18.99,51.99,"18,99–51,99%",,,30000,7500000,30 000–7 500 000 ₽,365,1825,5y,5y,4,,,,,,,,
19334,284103,credit,На любые цели под залог недвижимости ,На любые цели под залог недвижимости ,https://www.banki.ru/products/credits/credit/2841/,https://cdn.banki.ru/cdn/bank/325_mobile_logo_url.png,19.12.2025 11:53,325,3251,bank,Альфа-Банк,https://cdn.banki.ru/cdn/bank/325_mobile_logo_url.png,1326,www.alfabank.ru,8 800 200-00-00,"107078, г. Москва, ул. Каланчевская, д. 27",alfabank,RUB,https://www.banki.ru/products/credits/credit/2841/,17.8,30.4,"17,8–30,4%",,,500000,30000000,500 000–30 000 000 ₽,365,5475,1y,15y,4,,,,,,,,
19855,20115603,credit,Под залог недвижимости для новых клиентов,Под залог недвижимости для новых клиентов,https://www.banki.ru/products/credits/credit/201156/,https://cdn.banki.ru/cdn/bank/325_mobile_logo_url.png,19.12.2025 11:53,325,3251,bank,Альфа-Банк,https://cdn.banki.ru/cdn/bank/325_mobile_logo_url.png,1326,www.alfabank.ru,8 800 200-00-00,"107078, г. Москва, ул. Каланчевская, д. 27",alfabank,RUB,https://www.banki.ru/products/credits/credit/201156/,17.8,30.4,"17,8–30,4%",,,500000,30000000,500 000–30 000 000 ₽,365,5475,1y,15y,4,,,,,,,,
16848,327203,credit,Наличными ,Наличными ,https://www.banki.ru/products/credits/credit/3272/,https://cdn.banki.ru/cdn/bank/325_mobile_logo_url.png,19.12.2025 11:37,325,3251,bank,Альфа-Банк,https://cdn.banki.ru/cdn/bank/325_mobile_logo_url.png,1326,www.alfabank.ru,8 800 200-00-00,"107078, г. Москва, ул. Каланчевская, д. 27",alfabank,RUB,https://www.banki.ru/products/credits/credit/3272/,18.99,51.99,"18,99–51,99%",,,30000,7500000,30 000–7 500 000 ₽,365,1825,5y,5y,4,,,,,,,,
17588,20098903,credit,Наличными,Наличными,https://www.banki.ru/products/credits/credit/200989/,https://cdn.banki.ru/cdn/bank/195706_mobile_logo_url.png,19.12.2025 11:11,195706,1957061,bank,Т-Банк,https://cdn.banki.ru/cdn/bank/195706_mobile_logo_url.png,2673,www.tbank.ru,8 800 555-10-10,"127287, г. Москва, ул. 2-я Хуторская, д.38А, стр.26
",tcs,RUB,https://www.banki.ru/products/credits/credit/200989/,22.9,42.1,"22,9–42,1%",,,50000,5000000,50 000–5 000 000 ₽,365,1825,1y,5y,4,,,,,,,,
17037,459703,credit,Под залог (авто),Под залог (авто),https://www.banki.ru/products/credits/credit/4597/,https://cdn.banki.ru/cdn/bank/195706_mobile_logo_url.png,19.12.2025 11:17,195706,1957061,bank,Т-Банк,https://cdn.banki.ru/cdn/bank/195706_mobile_logo_url.png,2673,www.tbank.ru,8 800 555-10-10,"127287, г. Москва, ул. 2-я Хуторская, д.38А, стр.26
",tcs,RUB,https://www.banki.ru/products/credits/credit/4597/,24.9,38.9,"24,9–38,9%",,,100000,7000000,100 000–7 000 000 ₽,365,2555,1y,7y,4,,,,,,,,
17349,20075003,credit,На высшее образование,На высшее образование,https://www.banki.ru/products/credits/credit/200750/,https://cdn.banki.ru/cdn/bank/195706_mobile_logo_url.png,19.12.2025 11:19,195706,1957061,bank,Т-Банк,https://cdn.banki.ru/cdn/bank/195706_mobile_logo_url.png,2673,www.tbank.ru,8 800 555-10-10,"127287, г. Москва, ул. 2-я Хуторская, д.38А, стр.26
",tcs,RUB,https://www.banki.ru/products/credits/credit/200750/,3.0,3.0,3%,,,5000,6000000,5 000–6 000 000 ₽,365,9125,1y,25y,4,,,,,,,,
19349,342703,credit,Под залог (недвижимости),Под залог (недвижимости),https://www.banki.ru/products/credits/credit/3427/,https://cdn.banki.ru/cdn/bank/195706_mobile_logo_url.png,19.12.2025 11:10,195706,1957061,bank,Т-Банк,https://cdn.banki.ru/cdn/bank/195706_mobile_logo_url.png,2673,www.tbank.ru,8 800 555-10-10,"127287, г. Москва, ул. 2-я Хуторская, д.38А, стр.26
",tcs,RUB,https://www.banki.ru/products/credits/credit/3427/,20.9,32.9,"20,9–32,9%",,,200000,30000000,200 000–30 000 000 ₽,365,5475,1y,15y,4,,,,,,,,
16742,20503,credit,Со сниженным платежом,Со сниженным платежом,https://www.banki.ru/products/credits/credit/205/,https://cdn.banki.ru/cdn/bank/4725_mobile_logo_url.png,19.12.2025 11:50,4725,47251,bank,Россельхозбанк,https://cdn.banki.ru/cdn/bank/4725_mobile_logo_url.png,3349,www.rshb.ru,8 800 100-01-00,"119034, г. Москва, Гагаринский пер., д. 3",rshb,RUB,https://www.banki.ru/products/credits/credit/205/,23.0,41.4,"23–41,4%",,,30000,5000000,30 000–5 000 000 ₽,183,1825,6m,5y,4,,,,,,,,
17089,481803,credit,На благоустройство для жителей села,На благоустройство для жителей села,https://www.banki.ru/products/credits/credit/4818/,https://cdn.banki.ru/cdn/bank/4725_mobile_logo_url.png,15.12.2025 16:05,4725,47251,bank,Россельхозбанк,https://cdn.banki.ru/cdn/bank/4725_mobile_logo_url.png,3349,www.rshb.ru,8 800 100-01-00,"119034, г. Москва, Гагаринский пер., д. 3",rshb,RUB,https://www.banki.ru/products/credits/credit/4818/,3.25,33.0,"3,25–33%",,,30000,700000,30 000–700 000 ₽,396,1825,1m1y,5y,4,,,,,,,,
17066,471103,credit,Газомоторное топливо,Газомоторное топливо,https://www.banki.ru/products/credits/credit/4711/,https://cdn.banki.ru/cdn/bank/4725_mobile_logo_url.png,15.12.2025 16:05,4725,47251,bank,Россельхозбанк,https://cdn.banki.ru/cdn/bank/4725_mobile_logo_url.png,3349,www.rshb.ru,8 800 100-01-00,"119034, г. Москва, Гагаринский пер., д. 3",rshb,RUB,https://www.banki.ru/products/credits/credit/4711/,27.9,33.4,"27,9–33,4%",,,30000,300000,30 000–300 000 ₽,397,1095,13m,3y,4,,,,,,,,
19810,21114903,credit,Классика,Классика,https://www.banki.ru/products/credits/credit/211149/,https://cdn.banki.ru/cdn/bank/351_mobile_logo_url.png,19.12.2025 11:30,351,3511,bank,Русский Стандарт,https://cdn.banki.ru/cdn/bank/351_mobile_logo_url.png,2289,www.rsb.ru,+7 (495) 748-07-48,"105187, г. Москва, ул. Ткацкая, д. 36
",rsb,RUB,https://www.banki.ru/products/credits/credit/211149/,16.9,51.0,"16,9–51%",,,30000,3000000,30 000–3 000 000 ₽,30,1825,1m,5y,4,,,,,,,,
16978,424703,credit,Наличными,Наличными,https://www.banki.ru/products/credits/credit/4247/,https://cdn.banki.ru/cdn/bank/351_mobile_logo_url.png,19.12.2025 11:33,351,3511,bank,Русский Стандарт,https://cdn.banki.ru/cdn/bank/351_mobile_logo_url.png,2289,www.rsb.ru,+7 (495) 748-07-48,"105187, г. Москва, ул. Ткацкая, д. 36
",rsb,RUB,https://www.banki.ru/products/credits/credit/4247/,24.9,65.0,"24,9–65%",,,30000,3000000,30 000–3 000 000 ₽,31,1825,1m,5y,4,,,,,,,,
19506,20111403,credit,Под залог недвижимости,Под залог недвижимости,https://www.banki.ru/products/credits/credit/201114/,https://cdn.banki.ru/cdn/bank/351_mobile_logo_url.png,09.12.2025 17:54,351,3511,bank,Русский Стандарт,https://cdn.banki.ru/cdn/bank/351_mobile_logo_url.png,2289,www.rsb.ru,+7 (495) 748-07-48,"105187, г. Москва, ул. Ткацкая, д. 36
",rsb,RUB,https://www.banki.ru/products/credits/credit/201114/,24.9,33.0,"24,9–33%",,,500000,10000000,500 000–10 000 000 ₽,183,3650,6m,10y,4,,,,,,,,
18157,20111303,credit,Под залог авто,Под залог авто,https://www.banki.ru/products/credits/credit/201113/,https://cdn.banki.ru/cdn/bank/351_mobile_logo_url.png,19.12.2025 11:35,351,3511,bank,Русский Стандарт,https://cdn.banki.ru/cdn/bank/351_mobile_logo_url.png,2289,www.rsb.ru,+7 (495) 748-07-48,"105187, г. Москва, ул. Ткацкая, д. 36
",rsb,RUB,https://www.banki.ru/products/credits/credit/201113/,24.9,35.0,"24,9–35%",,,30000,3000000,30 000–3 000 000 ₽,31,3650,1m,10y,4,,,,,,,,
16740,14403,credit,Стандартный ,Стандартный ,https://www.banki.ru/products/credits/credit/144/,https://cdn.banki.ru/cdn/bank/63520_mobile_logo_url.png,19.12.2025 11:41,63520,635201,bank,Уралсиб,https://cdn.banki.ru/cdn/bank/63520_mobile_logo_url.png,30,www.uralsib.ru,8 800 250-57-57,"119048, г. Москва, ул. Ефремова, д. 8
",uralsib,RUB,https://www.banki.ru/products/credits/credit/144/,9.0,51.0,9–51%,,,30000,1500000,30 000–1 500 000 ₽,397,2555,13m,7y,4,,,,,,,,
18775,20113003,credit,Под залог автомобиля,Под залог автомобиля,https://www.banki.ru/products/credits/credit/201130/,https://cdn.banki.ru/cdn/bank/63520_mobile_logo_url.png,16.12.2025 18:28,63520,635201,bank,Уралсиб,https://cdn.banki.ru/cdn/bank/63520_mobile_logo_url.png,30,www.uralsib.ru,8 800 250-57-57,"119048, г. Москва, ул. Ефремова, д. 8
",uralsib,RUB,https://www.banki.ru/products/credits/credit/201130/,4.9,32.9,"4,9–32,9%",,,100000,1500000,100 000–1 500 000 ₽,397,2555,13m,7y,4,,,,,,,,
19380,438703,credit,Под залог недвижимости,Под залог недвижимости,https://www.banki.ru/products/credits/credit/4387/,https://cdn.banki.ru/cdn/bank/63520_mobile_logo_url.png,18.12.2025 19:04,63520,635201,bank,Уралсиб,https://cdn.banki.ru/cdn/bank/63520_mobile_logo_url.png,30,www.uralsib.ru,8 800 250-57-57,"119048, г. Москва, ул. Ефремова, д. 8
",uralsib,RUB,https://www.banki.ru/products/credits/credit/4387/,21.0,23.0,21–23%,,,1500000,20000000,1 500 000–20 000 000 ₽,365,5475,1y,15y,4,,,,,,,,
19449,524303,credit,Под залог квартиры,Под залог квартиры,https://www.banki.ru/products/credits/credit/5243/,https://cdn.banki.ru/cdn/bank/11948217_mobile_logo_url.png,19.12.2025 11:54,11948217,119482171,bank,Credit.Club,https://cdn.banki.ru/cdn/bank/11948217_mobile_logo_url.png,—,credit.club,8 800-775-80-09,"г. Екатеринбург, ул. Малышева, 51
",creditclub,RUB,https://www.banki.ru/products/credits/credit/5243/,16.9,26.9,"16,9–26,9%",,,300000,15000000,300 000–15 000 000 ₽,365,7300,1y,20y,4,,,,,,,,
19357,377603,credit,На любые цели под залог недвижимости,На любые цели под залог недвижимости,https://www.banki.ru/products/credits/credit/3776/,https://cdn.banki.ru/cdn/bank/2764_mobile_logo_url.png,19.12.2025 12:05,2764,27641,bank,Газпромбанк,https://cdn.banki.ru/cdn/bank/2764_mobile_logo_url.png,354,www.gazprombank.ru,8 800 300-60-90,"117420, г. Москва, ул. Наметкина, д. 16, корп. 1.
",gazprombank,RUB,https://www.banki.ru/products/credits/credit/3776/,10.6,28.6,"10,6–28,6%",,,500000,30000000,500 000–30 000 000 ₽,1460,7300,4y,20y,4,,,,,,,,
17030,457803,credit,Наличными,Наличными,https://www.banki.ru/products/credits/credit/4578/,https://cdn.banki.ru/cdn/bank/2764_mobile_logo_url.png,18.12.2025 14:23,2764,27641,bank,Газпромбанк,https://cdn.banki.ru/cdn/bank/2764_mobile_logo_url.png,354,www.gazprombank.ru,8 800 300-60-90,"117420, г. Москва, ул. Наметкина, д. 16, корп. 1.
",gazprombank,RUB,https://www.banki.ru/products/credits/credit/4578/,24.9,46.4,"24,9–46,4%",,,50000,7000000,50 000–7 000 000 ₽,397,1825,13m,5y,4,,,,,,,,
17132,499403,credit,Универсальный,Универсальный,https://www.banki.ru/products/credits/credit/4994/,https://cdn.banki.ru/cdn/bank/2764_mobile_logo_url.png,18.12.2025 14:23,2764,27641,bank,Газпромбанк,https://cdn.banki.ru/cdn/bank/2764_mobile_logo_url.png,354,www.gazprombank.ru,8 800 300-60-90,"117420, г. Москва, ул. Наметкина, д. 16, корп. 1.
",gazprombank,RUB,https://www.banki.ru/products/credits/credit/4994/,27.9,29.9,"27,9–29,9%",,,500000,7000000,500 000–7 000 000 ₽,397,1825,13m,5y,4,,,,,,,,
19311,403,credit,На любые цели под залог недвижимости,На любые цели под залог недвижимости,https://www.banki.ru/products/credits/credit/4/,https://cdn.banki.ru/cdn/bank/322_mobile_logo_url.png,19.12.2025 12:09,322,3221,bank,Сбербанк,https://cdn.banki.ru/cdn/bank/322_mobile_logo_url.png,1481,www.sberbank.ru,8 800 555-55-50,"117997, г. Москва, ул. Вавилова, д. 19
",sberbank,RUB,https://www.banki.ru/products/credits/credit/4/,17.7,18.7,"17,7–18,7%",,,300000,20000000,300 000–20 000 000 ₽,365,10950,1y,30y,4,,,,,,,,
16741,17903,credit,Образовательный,Образовательный,https://www.banki.ru/products/credits/credit/179/,https://cdn.banki.ru/cdn/bank/322_mobile_logo_url.png,11.12.2025 12:14,322,3221,bank,Сбербанк,https://cdn.banki.ru/cdn/bank/322_mobile_logo_url.png,1481,www.sberbank.ru,8 800 555-55-50,"117997, г. Москва, ул. Вавилова, д. 19
",sberbank,RUB,https://www.banki.ru/products/credits/credit/179/,3.0,3.0,3%,,,10000,10000000,10 000–10 000 000 ₽,5475,5475,15y,15y,4,,,,,,,,
16731,103,credit,На любые цели,На любые цели,https://www.banki.ru/products/credits/credit/1/,https://cdn.banki.ru/cdn/bank/322_mobile_logo_url.png,11.12.2025 12:13,322,3221,bank,Сбербанк,https://cdn.banki.ru/cdn/bank/322_mobile_logo_url.png,1481,www.sberbank.ru,8 800 555-55-50,"117997, г. Москва, ул. Вавилова, д. 19
",sberbank,RUB,https://www.banki.ru/products/credits/credit/1/,21.9,44.5,"21,9–44,5%",,,10000,30000000,10 000–30 000 000 ₽,31,1825,1m,5y,4,,,,,,,,
16909,376103,credit,На всё про всё,На всё про всё,https://www.banki.ru/products/credits/credit/3761/,https://cdn.banki.ru/cdn/bank/193300_mobile_logo_url.png,16.12.2025 15:47,193300,1933001,bank,Газэнергобанк,https://cdn.banki.ru/cdn/bank/193300_mobile_logo_url.png,3252,www.gebank.ru,8 800 700-3000,"248030, г. Калуга, ул. Плеханова, д. 4
",gazenergobank,RUB,https://www.banki.ru/products/credits/credit/3761/,2.0,25.4,"2–25,4%",,,15000,1300000,15 000–1 300 000 ₽,31,1825,1m,5y,4,,,,,,,,
16989,433103,credit,Наличными ,Наличными ,https://www.banki.ru/products/credits/credit/4331/,https://cdn.banki.ru/cdn/bank/327_mobile_logo_url.png,12.12.2025 13:35,327,3271,bank,ВТБ,https://cdn.banki.ru/cdn/bank/327_mobile_logo_url.png,1000,www.vtb.ru,8 800 200-77-99,"190000, г. Санкт-Петербург, ул. Большая Морская, д. 29",vtb,RUB,https://www.banki.ru/products/credits/credit/4331/,6.3,43.0,"6,3–43%",,,100001,7000000,100 001–7 000 000 ₽,183,1825,6m,5y,4,,,,,,,,
17615,20101803,credit,Под залог автомобиля,Под залог автомобиля,https://www.banki.ru/products/credits/credit/201018/,https://cdn.banki.ru/cdn/bank/327_mobile_logo_url.png,12.12.2025 13:36,327,3271,bank,ВТБ,https://cdn.banki.ru/cdn/bank/327_mobile_logo_url.png,1000,www.vtb.ru,8 800 200-77-99,"190000, г. Санкт-Петербург, ул. Большая Морская, д. 29",vtb,RUB,https://www.banki.ru/products/credits/credit/201018/,23.9,40.2,"23,9–40,2%",,,100001,40000000,100 001–40 000 000 ₽,183,1825,6m,5y,4,,,,,,,,
19312,13703,credit,Под залог недвижимости,Под залог недвижимости,https://www.banki.ru/products/credits/credit/137/,https://cdn.banki.ru/cdn/bank/327_mobile_logo_url.png,15.12.2025 17:20,327,3271,bank,ВТБ,https://cdn.banki.ru/cdn/bank/327_mobile_logo_url.png,1000,www.vtb.ru,8 800 200-77-99,"190000, г. Санкт-Петербург, ул. Большая Морская, д. 29",vtb,RUB,https://www.banki.ru/products/credits/credit/137/,24.6,25.6,"24,6–25,6%",,,1500000,40000000,1 500 000–40 000 000 ₽,365,5475,1y,15y,4,,,,,,,,
17067,471603,credit,Экспресс,Экспресс,https://www.banki.ru/products/credits/credit/4716/,https://cdn.banki.ru/cdn/bank/327_mobile_logo_url.png,12.12.2025 13:35,327,3271,bank,ВТБ,https://cdn.banki.ru/cdn/bank/327_mobile_logo_url.png,1000,www.vtb.ru,8 800 200-77-99,"190000, г. Санкт-Петербург, ул. Большая Морская, д. 29",vtb,RUB,https://www.banki.ru/products/credits/credit/4716/,37.9,51.9,"37,9–51,9%",,,30000,100000,30 000–100 000 ₽,183,1825,6m,5y,4,,,,,,,,
17632,20103503,credit,Под залог авто,Под залог авто,https://www.banki.ru/products/credits/credit/201035/,https://cdn.banki.ru/cdn/bank/95970_mobile_logo_url.png,09.12.2025 17:23,95970,959701,bank,Уральский банк реконструкции и развития (УБРиР),https://cdn.banki.ru/cdn/bank/95970_mobile_logo_url.png,429,www.ubrr.ru,8 800 100-02-00,"620063, г. Екатеринбург, ул. 8 Марта, д. 51
",ubrr,RUB,https://www.banki.ru/products/credits/credit/201035/,16.4,37.0,"16,4–37%",,,200000,5000000,200 000–5 000 000 ₽,1460,3650,10y,10y,4,,,,,,,,
16756,60903,credit,На любые цели,На любые цели,https://www.banki.ru/products/credits/credit/609/,https://cdn.banki.ru/cdn/bank/95970_mobile_logo_url.png,09.12.2025 17:15,95970,959701,bank,Уральский банк реконструкции и развития (УБРиР),https://cdn.banki.ru/cdn/bank/95970_mobile_logo_url.png,429,www.ubrr.ru,8 800 100-02-00,"620063, г. Екатеринбург, ул. 8 Марта, д. 51
",ubrr,RUB,https://www.banki.ru/products/credits/credit/609/,17.9,37.0,"17,9–37%",,,100000,5000000,100 000–5 000 000 ₽,1095,1825,5y,5y,4,,,,,,,,
16993,438803,credit,Без справок,Без справок,https://www.banki.ru/products/credits/credit/4388/,https://cdn.banki.ru/cdn/bank/95970_mobile_logo_url.png,09.12.2025 17:06,95970,959701,bank,Уральский банк реконструкции и развития (УБРиР),https://cdn.banki.ru/cdn/bank/95970_mobile_logo_url.png,429,www.ubrr.ru,8 800 100-02-00,"620063, г. Екатеринбург, ул. 8 Марта, д. 51
",ubrr,RUB,https://www.banki.ru/products/credits/credit/4388/,18.4,37.0,"18,4–37%",,,100000,700000,100 000–700 000 ₽,1095,1825,5y,5y,4,,,,,,,,
19370,401203,credit,Под залог недвижимости,Под залог недвижимости,https://www.banki.ru/products/credits/credit/4012/,https://cdn.banki.ru/cdn/bank/95970_mobile_logo_url.png,08.12.2025 18:42,95970,959701,bank,Уральский банк реконструкции и развития (УБРиР),https://cdn.banki.ru/cdn/bank/95970_mobile_logo_url.png,429,www.ubrr.ru,8 800 100-02-00,"620063, г. Екатеринбург, ул. 8 Марта, д. 51
",ubrr,RUB,https://www.banki.ru/products/credits/credit/4012/,25.0,26.5,"25–26,5%",,,300000,15000000,300 000–15 000 000 ₽,1825,5475,5y,15y,4,,,,,,,,
19824,20115403,credit,Под залог недвижимости,Под залог недвижимости,https://www.banki.ru/products/credits/credit/201154/,https://cdn.banki.ru/cdn/bank/16995_mobile_logo_url.png,16.12.2025 16:03,16995,169951,bank,ВБРР,https://cdn.banki.ru/cdn/bank/16995_mobile_logo_url.png,3287,www.vbrr.ru,8 800 700-03-49 ,"129594, г. Москва, ул. Сущевский вал, д. 65, корп. 1
",vbrr,RUB,https://www.banki.ru/products/credits/credit/201154/,21.9,23.4,"21,9–23,4%",,,500000,60000000,500 000–60 000 000 ₽,1825,10950,5y,30y,4,,,,,,,,
16919,385303,credit,Топ-менеджер,Топ-менеджер,https://www.banki.ru/products/credits/credit/3853/,,18.12.2025 16:44,195603,1956031,bank,Крона-Банк,,2499,www.krona-bank.ru,+7 (3952) 25-25-05,"664007, г. Иркутск, ул. Дзержинского, д. 29
",krona-bank,RUB,https://www.banki.ru/products/credits/credit/3853/,22.5,24.5,"22,5–24,5%",,,500000,5000000,500 000–5 000 000 ₽,92,1825,1m3y,5y,4,,,,,,,,
16868,345903,credit,Наличными — Акция,Наличными — Акция,https://www.banki.ru/products/credits/credit/3459/,https://cdn.banki.ru/cdn/bank/192841_mobile_logo_url.png,18.12.2025 17:53,192841,1928411,bank,Энергобанк,https://cdn.banki.ru/cdn/bank/192841_mobile_logo_url.png,67,www.energobank.ru,8 800-350-54-58,"420111, г. Казань, ул. Пушкина, д. 13/52
",energobank,RUB,https://www.banki.ru/products/credits/credit/3459/,25.5,32.0,"25,5–32%",,,100000,2500000,100 000–2 500 000 ₽,397,2555,13m,7y,4,,,,,,,,
18178,20112503,credit,Наличными (без визита в банк),Наличными (без визита в банк),https://www.banki.ru/products/credits/credit/201125/,https://cdn.banki.ru/cdn/bank/9183_mobile_logo_url.png,18.12.2025 17:29,9183,91831,bank,Локо-Банк,https://cdn.banki.ru/cdn/bank/9183_mobile_logo_url.png,2707,www.lockobank.ru,8 800 250-50-50,"125167, г. Москва, Ленинградский просп., д. 39, стр. 80
",locko-bank,RUB,https://www.banki.ru/products/credits/credit/201125/,25.9,49.9,"25,9–49,9%",,,50000,5000000,50 000–5 000 000 ₽,365,2555,1y,7y,4,,,,,,,,
19356,375603,credit,Под залог квартиры,Под залог квартиры,https://www.banki.ru/products/credits/credit/3756/,https://cdn.banki.ru/cdn/bank/5306_mobile_logo_url.png,16.12.2025 15:35,5306,53061,bank,ПСБ,https://cdn.banki.ru/cdn/bank/5306_mobile_logo_url.png,3251,www.psbank.ru,8 800 333-03-03,"150003, г. Ярославль, ул. Республиканская, д. 16
",promsvyazbank,RUB,https://www.banki.ru/products/credits/credit/3756/,27.7,29.7,"27,7–29,7%",,,1000000,30000000,1 000 000–30 000 000 ₽,1095,10950,3y,30y,4,,,,,,,,
17023,455103,credit,Для работников ОПК и военнослужащих,Для работников ОПК и военнослужащих,https://www.banki.ru/products/credits/credit/4551/,https://cdn.banki.ru/cdn/bank/5306_mobile_logo_url.png,16.12.2025 15:32,5306,53061,bank,ПСБ,https://cdn.banki.ru/cdn/bank/5306_mobile_logo_url.png,3251,www.psbank.ru,8 800 333-03-03,"150003, г. Ярославль, ул. Республиканская, д. 16
",promsvyazbank,RUB,https://www.banki.ru/products/credits/credit/4551/,27.9,37.9,"27,9–37,9%",,,100000,5000000,100 000–5 000 000 ₽,365,2555,1y,7y,4,,,,,,,,
16818,280303,credit,На любые цели ,На любые цели ,https://www.banki.ru/products/credits/credit/2803/,https://cdn.banki.ru/cdn/bank/5306_mobile_logo_url.png,16.12.2025 15:32,5306,53061,bank,ПСБ,https://cdn.banki.ru/cdn/bank/5306_mobile_logo_url.png,3251,www.psbank.ru,8 800 333-03-03,"150003, г. Ярославль, ул. Республиканская, д. 16
",promsvyazbank,RUB,https://www.banki.ru/products/credits/credit/2803/,32.9,39.9,"32,9–39,9%",,,100000,5000000,100 000–5 000 000 ₽,365,1825,1y,5y,4,,,,,,,,
16744,21603,credit,На неотложные нужды,На неотложные нужды,https://www.banki.ru/products/credits/credit/216/,https://cdn.banki.ru/cdn/bank/192701_mobile_logo_url.png,11.12.2025 14:02,192701,1927011,bank,Банк «Пойдём!»,https://cdn.banki.ru/cdn/bank/192701_mobile_logo_url.png,2534,www.poidem.ru,8 800 200-12-30,"127015, г. Москва, ул. Бутырская, д. 76, стр. 1
",poidem,RUB,https://www.banki.ru/products/credits/credit/216/,38.9,38.9,"38,9%",,,100000,300000,100 000–300 000 ₽,549,1464,18m,48m,4,,,,,,,,
19711,21114603,credit,ДАйдЁМ,ДАйдЁМ,https://www.banki.ru/products/credits/credit/211146/,https://cdn.banki.ru/cdn/bank/192701_mobile_logo_url.png,11.12.2025 13:59,192701,1927011,bank,Банк «Пойдём!»,https://cdn.banki.ru/cdn/bank/192701_mobile_logo_url.png,2534,www.poidem.ru,8 800 200-12-30,"127015, г. Москва, ул. Бутырская, д. 76, стр. 1
",poidem,RUB,https://www.banki.ru/products/credits/credit/211146/,48.9,48.9,"48,9%",,,50000,99999,50 000–99 999 ₽,396,1095,13m,3y,4,,,,,,,,
19405,494503,credit,Под залог недвижимости,Под залог недвижимости,https://www.banki.ru/products/credits/credit/4945/,https://cdn.banki.ru/cdn/bank/2631_mobile_logo_url.png,11.12.2025 14:18,2631,26311,bank,Экспобанк,https://cdn.banki.ru/cdn/bank/2631_mobile_logo_url.png,2998,expobank.ru,8 800 500-07-70,"115054, г. Москва, наб Космодамианская, д. 52 стр. 7
",expobank,RUB,https://www.banki.ru/products/credits/credit/4945/,22.0,24.0,22–24%,,,500000,30000000,500 000–30 000 000 ₽,365,5475,1y,15y,4,,,,,,,,
16737,10303,credit,Под залог авто,Под залог авто,https://www.banki.ru/products/credits/credit/103/,https://cdn.banki.ru/cdn/bank/2631_mobile_logo_url.png,11.12.2025 14:14,2631,26311,bank,Экспобанк,https://cdn.banki.ru/cdn/bank/2631_mobile_logo_url.png,2998,expobank.ru,8 800 500-07-70,"115054, г. Москва, наб Космодамианская, д. 52 стр. 7
",expobank,RUB,https://www.banki.ru/products/credits/credit/103/,24.0,24.0,24%,,,100000,7000000,100 000–7 000 000 ₽,30,1095,1m,3y,4,,,,,,,,
