bank_id,bank_name,bank_logo,bank_licence,product_name,product_url,rate_min,rate_max,amount_from,amount_to,period_from,period_to,currency,efficient_rate,is_special_offer,is_online_opening_possible,is_partial_withdrawal_possible,is_replenishment_possible,action_title,action_percent,action_link,capitalization,early_termination_method,rates_min,rates_max
192890,Реалист Банк,https://cdn.banki.ru/cdn/bank/192890_modern_logo_url.svg,1067,Выгодный Банки.ру,https://www.banki.ru/products/deposits/deposit/25868/,14.8,14.8,100000,,91,91.0,RUB,14.8,True,True,False,False,Бонус от суммы вклада за оформление онлайн на Банки.ру,1.5,https://www.banki.ru/specials/deposits/bonus_k_stavke_2026/,нет,по ставке до востребования,14.8,14.8
192890,Реалист Банк,https://cdn.banki.ru/cdn/bank/192890_modern_logo_url.svg,1067,Выгодный Банки.ру,https://www.banki.ru/products/deposits/deposit/25869/,14.2,14.2,100000,,181,181.0,RUB,14.2,False,True,False,False,,,,нет,по ставке до востребования,14.2,14.2
9011,Металлинвестбанк,https://cdn.banki.ru/cdn/bank/9011_modern_logo_url.svg,2440,Максимальный доход_91,https://www.banki.ru/products/deposits/deposit/25847/,14.7,14.7,100000,,91,91.0,RUB,14.7,True,True,False,False,Бонус от суммы вклада за оформление онлайн на Банки.ру,1.5,https://www.banki.ru/specials/deposits/bonus_k_stavke_2026/,нет,по ставке до востребования,14.7,14.7
9011,Металлинвестбанк,https://cdn.banki.ru/cdn/bank/9011_modern_logo_url.svg,2440,Максимальный доход_181,https://www.banki.ru/products/deposits/deposit/25862/,14.3,14.3,100000,,181,181.0,RUB,14.3,False,True,False,False,,,,нет,по ставке до востребования,14.3,14.3
9011,Металлинвестбанк,https://cdn.banki.ru/cdn/bank/9011_modern_logo_url.svg,2440,Максимальный доход_367,https://www.banki.ru/products/deposits/deposit/25863/,13.8,13.8,100000,,367,367.0,RUB,13.8,False,True,False,False,,,,нет,на льготных условиях,13.8,13.8
9011,Металлинвестбанк,https://cdn.banki.ru/cdn/bank/9011_modern_logo_url.svg,2440,Максимальный доход_550,https://www.banki.ru/products/deposits/deposit/25866/,12.2,12.2,100000,,550,550.0,RUB,12.2,False,True,False,False,,,,нет,на льготных условиях,12.2,12.2
9011,Металлинвестбанк,https://cdn.banki.ru/cdn/bank/9011_modern_logo_url.svg,2440,Максимальный доход_740,https://www.banki.ru/products/deposits/deposit/25864/,11.7,11.7,100000,,740,740.0,RUB,11.7,False,True,False,False,,,,нет,на льготных условиях,11.7,11.7
9011,Металлинвестбанк,https://cdn.banki.ru/cdn/bank/9011_modern_logo_url.svg,2440,Максимальный доход_1100,https://www.banki.ru/products/deposits/deposit/25865/,10.7,10.7,100000,,1100,1100.0,RUB,10.7,False,True,False,False,,,,нет,на льготных условиях,10.7,10.7
193364,КАМКОМБАНК,https://cdn.banki.ru/cdn/bank/193364_modern_logo_url.svg,438,Онлайн,https://www.banki.ru/products/deposits/deposit/25700/,15.0,15.0,100000,10000000.0,91,91.0,RUB,15.0,True,True,False,False,Бонус от суммы вклада за оформление онлайн на Банки.ру,1.5,https://www.banki.ru/specials/deposits/bonus_k_stavke_2026/,нет,по ставке до востребования,15.0,15.0
193364,КАМКОМБАНК,https://cdn.banki.ru/cdn/bank/193364_modern_logo_url.svg,438,Онлайн,https://www.banki.ru/products/deposits/deposit/24460/,14.5,14.5,100000,10000000.0,186,186.0,RUB,14.5,False,True,False,False,,,,нет,по ставке до востребования,14.5,14.5
193364,КАМКОМБАНК,https://cdn.banki.ru/cdn/bank/193364_modern_logo_url.svg,438,Онлайн,https://www.banki.ru/products/deposits/deposit/25701/,13.5,13.5,100000,10000000.0,280,280.0,RUB,13.5,False,True,False,False,,,,нет,по ставке до востребования,13.5,13.5
193364,КАМКОМБАНК,https://cdn.banki.ru/cdn/bank/193364_modern_logo_url.svg,438,Онлайн,https://www.banki.ru/products/deposits/deposit/25702/,13.0,13.0,100000,10000000.0,367,367.0,RUB,13.0,False,True,False,False,,,,нет,по ставке до востребования,13.0,13.0
193364,КАМКОМБАНК,https://cdn.banki.ru/cdn/bank/193364_modern_logo_url.svg,438,Прибыльный,https://www.banki.ru/products/deposits/deposit/24039/,15.0,15.0,100000,,91,91.0,RUB,15.0,False,False,False,True,,,,нет,по ставке до востребования,15.0,15.0
193364,КАМКОМБАНК,https://cdn.banki.ru/cdn/bank/193364_modern_logo_url.svg,438,Жара,https://www.banki.ru/products/deposits/deposit/24011/,14.5,14.5,100000,,186,186.0,RUB,14.5,False,False,False,False,,,,нет,по ставке до востребования,13.5,14.5
619,Банк Жилищного Финансирования,https://cdn.banki.ru/cdn/bank/619_modern_logo_url.svg,3138,Лидер 3,https://www.banki.ru/products/deposits/deposit/25851/,15.0,15.0,30000,,91,91.0,RUB,15.0,True,True,False,False,Бонус от суммы вклада за оформление онлайн на Банки.ру,1.5,https://www.banki.ru/specials/deposits/bonus_k_stavke_2026/,нет,по ставке до востребования,15.0,15.0
619,Банк Жилищного Финансирования,https://cdn.banki.ru/cdn/bank/619_modern_logo_url.svg,3138,Лидер 6,https://www.banki.ru/products/deposits/deposit/25852/,14.85,14.85,30000,,181,181.0,RUB,14.85,False,True,False,False,,,,нет,по ставке до востребования,14.85,14.85
193407,Энерготрансбанк,https:,1307,Доход плюс Банки.ру,https://www.banki.ru/products/deposits/deposit/25236/,15.0,15.0,50000,,91,91.0,RUB,15.0,False,True,False,False,,,,нет,по ставке до востребования,15.0,15.0
193407,Энерготрансбанк,https:,1307,Доход плюс Банки.ру,https://www.banki.ru/products/deposits/deposit/25953/,14.0,14.0,50000,,60,60.0,RUB,14.0,False,True,False,False,,,,нет,по ставке до востребования,14.0,14.0
9183,Локо-Банк,https://cdn.banki.ru/cdn/bank/9183_modern_logo_url.png,2707,Локо-Вклад. Банки.ру,https://www.banki.ru/products/deposits/deposit/25856/,14.6,14.6,300000,30000000.0,95,95.0,RUB,14.6,True,True,False,False,Бонус от суммы вклада за оформление онлайн на Банки.ру,1.5,https://www.banki.ru/specials/deposits/bonus_k_stavke_2026/,нет,по ставке до востребования,14.6,14.6
9183,Локо-Банк,https://cdn.banki.ru/cdn/bank/9183_modern_logo_url.png,2707,Локо-Вклад. Банки.ру,https://www.banki.ru/products/deposits/deposit/25816/,14.8,14.8,300000,30000000.0,122,122.0,RUB,14.8,False,True,False,False,,,,нет,по ставке до востребования,14.8,14.8
9183,Локо-Банк,https://cdn.banki.ru/cdn/bank/9183_modern_logo_url.png,2707,Локо-Вклад. Банки.ру,https://www.banki.ru/products/deposits/deposit/25817/,14.8,14.8,300000,30000000.0,150,150.0,RUB,14.8,False,True,False,False,,,,нет,по ставке до востребования,14.8,14.8
9183,Локо-Банк,https://cdn.banki.ru/cdn/bank/9183_modern_logo_url.png,2707,Локо-Вклад. Банки.ру,https://www.banki.ru/products/deposits/deposit/24585/,14.4,14.4,300000,30000000.0,182,182.0,RUB,14.4,False,True,False,False,,,,нет,по ставке до востребования,14.4,14.4
9183,Локо-Банк,https://cdn.banki.ru/cdn/bank/9183_modern_logo_url.png,2707,Локо-Вклад. Банки.ру,https://www.banki.ru/products/deposits/deposit/25029/,11.5,11.5,300000,30000000.0,370,370.0,RUB,11.5,False,True,False,False,,,,нет,по ставке до востребования,11.5,11.5
193292,Норвик Банк,https://cdn.banki.ru/cdn/bank/193292_modern_logo_url.svg,902,Быстрый доход,https://www.banki.ru/products/deposits/deposit/25050/,14.5,14.5,100000,50000000.0,93,93.0,RUB,14.5,True,True,False,False,,,,нет,по ставке до востребования,14.5,14.5
193292,Норвик Банк,https://cdn.banki.ru/cdn/bank/193292_modern_logo_url.svg,902,Быстрый доход,https://www.banki.ru/products/deposits/deposit/25616/,10.5,10.5,100000,50000000.0,182,182.0,RUB,10.5,False,True,False,False,,,,нет,по ставке до востребования,10.5,10.5
2764,Газпромбанк,https://cdn.banki.ru/cdn/bank/2764_modern_logo_url.svg,354,Ключевой момент,https://www.banki.ru/products/deposits/deposit/25682/,18.0,18.0,500000,15000000.0,1095,1095.0,RUB,18.0,False,True,False,False,,,,нет,по ставке до востребования,15.5,18.0
2764,Газпромбанк,https://cdn.banki.ru/cdn/bank/2764_modern_logo_url.svg,354,Новые деньги,https://www.banki.ru/products/deposits/deposit/24560/,15.1,15.1,15000,10000000.0,91,91.0,RUB,15.1,True,True,False,False,,,,нет,по ставке до востребования,8.3,15.1
2764,Газпромбанк,https://cdn.banki.ru/cdn/bank/2764_modern_logo_url.svg,354,Накопительный счет,https://www.banki.ru/products/deposits/deposit/19029/,16.2,16.2,5000,1500000.0,1,61.0,RUB,16.2,True,True,True,True,,,,по выбору клиента,на льготных условиях,0.01,16.2
2764,Газпромбанк,https://cdn.banki.ru/cdn/bank/2764_modern_logo_url.svg,354,Копить онлайн (в конце срока),https://www.banki.ru/products/deposits/deposit/22483/,14.8,14.8,15000,,91,91.0,RUB,14.8,True,True,False,False,,,,нет,по ставке до востребования,8.3,14.8
2764,Газпромбанк,https://cdn.banki.ru/cdn/bank/2764_modern_logo_url.svg,354,В плюсе (в конце срока),https://www.banki.ru/products/deposits/deposit/24638/,15.1,15.1,15000,,91,91.0,RUB,15.1,True,True,False,False,,,,нет,по ставке до востребования,8.3,15.1
2764,Газпромбанк,https://cdn.banki.ru/cdn/bank/2764_modern_logo_url.svg,354,Ежедневный процент,https://www.banki.ru/products/deposits/deposit/23243/,15.0,15.0,1,,30,61.0,RUB,15.0,True,True,True,True,,,,по выбору клиента,на льготных условиях,10.5,15.0
2764,Газпромбанк,https://cdn.banki.ru/cdn/bank/2764_modern_logo_url.svg,354,В плюсе (ежемесячно),https://www.banki.ru/products/deposits/deposit/24312/,14.33,14.33,15000,,91,91.0,RUB,14.5,True,True,False,False,,,,по выбору клиента,по ставке до востребования,8.46,14.5
2764,Газпромбанк,https://cdn.banki.ru/cdn/bank/2764_modern_logo_url.svg,354,Легкий процент,https://www.banki.ru/products/deposits/deposit/25955/,14.5,14.5,1,,30,,RUB,14.5,False,True,True,True,,,,по выбору клиента,на льготных условиях,14.5,14.5
2764,Газпромбанк,https://cdn.banki.ru/cdn/bank/2764_modern_logo_url.svg,354,Копить онлайн (ежемесячно),https://www.banki.ru/products/deposits/deposit/24241/,14.33,14.33,15000,,91,91.0,RUB,14.5,True,True,False,False,,,,по выбору клиента,по ставке до востребования,8.45,14.5
196704,Банк НООСФЕРА,https://cdn.banki.ru/cdn/bank/196704_modern_logo_url.svg,2650,Стратегия успеха_181,https://www.banki.ru/products/deposits/deposit/25870/,14.65,14.65,50000,,181,181.0,RUB,14.65,False,True,False,False,,,,нет,по ставке до востребования,14.65,14.65
196704,Банк НООСФЕРА,https://cdn.banki.ru/cdn/bank/196704_modern_logo_url.svg,2650,На все 100,https://www.banki.ru/products/deposits/deposit/25649/,14.7,14.7,50000,,100,100.0,RUB,14.7,False,True,False,False,,,,нет,по ставке до востребования,14.7,14.7
196704,Банк НООСФЕРА,https://cdn.banki.ru/cdn/bank/196704_modern_logo_url.svg,2650,Стратегия успеха_367,https://www.banki.ru/products/deposits/deposit/25872/,13.5,13.5,50000,,367,367.0,RUB,13.5,False,True,False,False,,,,нет,по ставке до востребования,13.5,13.5
196704,Банк НООСФЕРА,https://cdn.banki.ru/cdn/bank/196704_modern_logo_url.svg,2650,Стратегия успеха_271,https://www.banki.ru/products/deposits/deposit/25871/,13.0,13.0,50000,,271,271.0,RUB,13.0,False,True,False,False,,,,нет,по ставке до востребования,13.0,13.0
196704,Банк НООСФЕРА,https://cdn.banki.ru/cdn/bank/196704_modern_logo_url.svg,2650,Стратегия успеха_540,https://www.banki.ru/products/deposits/deposit/25873/,11.0,11.0,50000,,540,540.0,RUB,11.0,False,True,False,False,,,,нет,по ставке до востребования,11.0,11.0
196704,Банк НООСФЕРА,https://cdn.banki.ru/cdn/bank/196704_modern_logo_url.svg,2650,Стратегия успеха_730,https://www.banki.ru/products/deposits/deposit/25874/,9.5,9.5,50000,,730,730.0,RUB,9.5,False,True,False,False,,,,нет,по ставке до востребования,9.5,9.5
196704,Банк НООСФЕРА,https://cdn.banki.ru/cdn/bank/196704_modern_logo_url.svg,2650,Стратегия успеха_1100,https://www.banki.ru/products/deposits/deposit/25875/,9.0,9.0,50000,,1100,1100.0,RUB,9.0,False,True,False,False,,,,нет,по ставке до востребования,9.0,9.0
17270,Самолет Банк,https:,2846,Самолет Вклад_91,https://www.banki.ru/products/deposits/deposit/25961/,14.5,14.5,100000,10000000.0,91,91.0,RUB,14.5,False,True,False,False,Бонус от суммы вклада за оформление онлайн на Банки.ру,1.5,https://www.banki.ru/specials/deposits/bonus_k_stavke_2026/,нет,по ставке до востребования,14.5,14.5
17270,Самолет Банк,https:,2846,Самолет Вклад_183,https://www.banki.ru/products/deposits/deposit/25962/,14.0,14.0,100000,10000000.0,183,183.0,RUB,14.0,False,True,False,False,,,,нет,по ставке до востребования,14.0,14.0
17270,Самолет Банк,https:,2846,Самолет Вклад_367,https://www.banki.ru/products/deposits/deposit/25963/,13.5,13.5,100000,10000000.0,367,367.0,RUB,13.5,False,True,False,False,,,,нет,по ставке до востребования,13.5,13.5
17270,Самолет Банк,https:,2846,Самолет Вклад_546,https://www.banki.ru/products/deposits/deposit/25964/,13.15,13.15,100000,10000000.0,546,546.0,RUB,13.15,False,True,False,False,,,,нет,по ставке до востребования,13.15,13.15
17270,Самолет Банк,https:,2846,Самолет Вклад_730,https://www.banki.ru/products/deposits/deposit/25965/,13.0,13.0,100000,10000000.0,730,730.0,RUB,13.0,False,True,False,False,,,,нет,по ставке до востребования,13.0,13.0
191928,БыстроБанк,https://cdn.banki.ru/cdn/bank/191928_modern_logo_url.svg,1745,Выгодный–Банки.ру,https://www.banki.ru/products/deposits/deposit/25510/,14.5,14.5,150000,,181,181.0,RUB,14.5,False,True,False,False,,,,нет,по ставке до востребования,14.5,14.5
191928,БыстроБанк,https://cdn.banki.ru/cdn/bank/191928_modern_logo_url.svg,1745,Выгодный–Банки.ру,https://www.banki.ru/products/deposits/deposit/25928/,14.1,14.1,150000,,366,366.0,RUB,14.1,False,True,False,False,,,,нет,по ставке до востребования,14.1,14.1
327,ВТБ,https://cdn.banki.ru/cdn/bank/327_modern_logo_url.svg,1000,ВТБ-Счет (на минимальный остаток),https://www.banki.ru/products/deposits/deposit/24356/,16.0,16.0,1000,1000000.0,1,91.0,RUB,16.0,True,True,True,True,,,,по выбору клиента,на льготных условиях,7.0,16.0
327,ВТБ,https://cdn.banki.ru/cdn/bank/327_modern_logo_url.svg,1000,ВТБ-Счет (на ежедневный остаток),https://www.banki.ru/products/deposits/deposit/24891/,15.0,15.0,1000,1000000.0,1,91.0,RUB,15.0,True,True,True,True,,,,по выбору клиента,на льготных условиях,6.0,15.0
327,ВТБ,https://cdn.banki.ru/cdn/bank/327_modern_logo_url.svg,1000,ВТБ-Вклад (без опций с выплатой % в конце срока),https://www.banki.ru/products/deposits/deposit/24675/,14.5,14.5,10000,,91,91.0,RUB,14.5,True,True,False,False,,,,нет,по ставке до востребования,6.8,14.5
327,ВТБ,https://cdn.banki.ru/cdn/bank/327_modern_logo_url.svg,1000,ВТБ-Вклад (с пополнением),https://www.banki.ru/products/deposits/deposit/24676/,12.5,12.5,15000000,300000000.0,61,61.0,RUB,12.57,False,True,False,True,,,,по выбору клиента,по ставке до востребования,1.74,12.57
327,ВТБ,https://cdn.banki.ru/cdn/bank/327_modern_logo_url.svg,1000,ВТБ-Вклад (с пополнением и снятием),https://www.banki.ru/products/deposits/deposit/24677/,12.35,12.35,15000000,300000000.0,61,61.0,RUB,12.41,False,True,True,True,,,,по выбору клиента,по ставке до востребования,1.69,12.41
327,ВТБ,https://cdn.banki.ru/cdn/bank/327_modern_logo_url.svg,1000,ВТБ-Вклад (без опций с выплатой % ежемесячно),https://www.banki.ru/products/deposits/deposit/24678/,14.2,14.2,10000,,91,91.0,RUB,14.37,True,True,False,False,,,,по выбору клиента,по ставке до востребования,3.24,14.37
327,ВТБ,https://cdn.banki.ru/cdn/bank/327_modern_logo_url.svg,1000,ВТБ-Вклад,https://www.banki.ru/products/deposits/deposit/25987/,14.5,14.5,10000,,91,91.0,RUB,14.5,False,False,False,False,,,,нет,по ставке до востребования,14.5,14.5
6055,МТС Банк,https://cdn.banki.ru/cdn/bank/6055_modern_logo_url.svg,2268,МТС Вклад плюс,https://www.banki.ru/products/deposits/deposit/23178/,14.87,14.87,10000,,91,91.0,RUB,15.05,True,True,False,False,,,,по выбору клиента,по ставке до востребования,11.01,15.05
6055,МТС Банк,https://cdn.banki.ru/cdn/bank/6055_modern_logo_url.svg,2268,МТС Вклад плюс (с пополнением и снятием),https://www.banki.ru/products/deposits/deposit/23866/,11.89,11.89,100000,1500000.0,91,91.0,RUB,12.01,False,True,True,True,,,,по выбору клиента,по ставке до востребования,4.16,12.01
6055,МТС Банк,https://cdn.banki.ru/cdn/bank/6055_modern_logo_url.svg,2268,МТС Вклад плюс (с пополнением),https://www.banki.ru/products/deposits/deposit/23865/,11.69,11.69,10000000,500000000.0,91,91.0,RUB,11.8,False,True,False,True,,,,по выбору клиента,по ставке до востребования,4.37,11.8
37473,СДМ-Банк,https://cdn.banki.ru/cdn/bank/37473_modern_logo_url.svg,1637,Новое знакомство,https://www.banki.ru/products/deposits/deposit/25752/,14.65,14.65,300000,1499999.0,91,91.0,RUB,14.65,False,True,False,False,,,,нет,на льготных условиях,14.65,14.65
37473,СДМ-Банк,https://cdn.banki.ru/cdn/bank/37473_modern_logo_url.svg,1637,Новое знакомство,https://www.banki.ru/products/deposits/deposit/25492/,13.85,13.85,300000,1499999.0,181,181.0,RUB,13.85,False,True,False,False,,,,нет,на льготных условиях,13.85,13.85
37473,СДМ-Банк,https://cdn.banki.ru/cdn/bank/37473_modern_logo_url.svg,1637,Новое знакомство,https://www.banki.ru/products/deposits/deposit/25753/,14.65,14.65,1500000,2999999.0,91,91.0,RUB,14.65,False,True,False,False,,,,нет,на льготных условиях,14.65,14.65
37473,СДМ-Банк,https://cdn.banki.ru/cdn/bank/37473_modern_logo_url.svg,1637,Новое знакомство,https://www.banki.ru/products/deposits/deposit/25754/,14.65,14.65,3000000,100000000.0,91,91.0,RUB,14.65,False,True,False,False,,,,нет,на льготных условиях,14.65,14.65
37473,СДМ-Банк,https://cdn.banki.ru/cdn/bank/37473_modern_logo_url.svg,1637,Новое знакомство,https://www.banki.ru/products/deposits/deposit/25491/,13.85,13.85,1500000,2999999.0,181,181.0,RUB,13.85,False,True,False,False,,,,нет,на льготных условиях,13.85,13.85
37473,СДМ-Банк,https://cdn.banki.ru/cdn/bank/37473_modern_logo_url.svg,1637,Новое знакомство,https://www.banki.ru/products/deposits/deposit/25508/,13.85,13.85,3000000,100000000.0,181,181.0,RUB,13.85,False,True,False,False,,,,нет,на льготных условиях,13.85,13.85
37473,СДМ-Банк,https://cdn.banki.ru/cdn/bank/37473_modern_logo_url.svg,1637,Новое знакомство,https://www.banki.ru/products/deposits/deposit/25489/,12.35,12.35,300000,1499999.0,367,367.0,RUB,12.35,False,True,False,False,,,,нет,на льготных условиях,12.35,12.35
12374,НС Банк,https://cdn.banki.ru/cdn/bank/12374_modern_logo_url.svg,3124,Выгодный союз,https://www.banki.ru/products/deposits/deposit/24799/,14.75,14.75,50000,3000000.0,90,90.0,RUB,14.75,False,True,False,False,,,,нет,по ставке до востребования,14.75,14.75
12374,НС Банк,https://cdn.banki.ru/cdn/bank/12374_modern_logo_url.svg,3124,Выгодный союз,https://www.banki.ru/products/deposits/deposit/25060/,14.2,14.2,50000,3000000.0,150,150.0,RUB,14.2,False,True,False,False,,,,нет,по ставке до востребования,14.2,14.2
2237,Банк ДОМ.РФ,https://cdn.banki.ru/cdn/bank/2237_modern_logo_url.svg,2312,ДОМа надежно,https://www.banki.ru/products/deposits/deposit/25924/,14.1,14.1,1500000,15000000.0,91,91.0,RUB,14.1,True,True,False,False,,,,нет,по ставке до востребования,13.9,14.1
2237,Банк ДОМ.РФ,https://cdn.banki.ru/cdn/bank/2237_modern_logo_url.svg,2312,ДОМа надежно,https://www.banki.ru/products/deposits/deposit/24376/,13.9,13.9,10000,1499999.0,181,181.0,RUB,13.9,False,True,False,False,,,,нет,по ставке до востребования,13.9,13.9
2237,Банк ДОМ.РФ,https://cdn.banki.ru/cdn/bank/2237_modern_logo_url.svg,2312,ДОМа надежно,https://www.banki.ru/products/deposits/deposit/25581/,14.1,14.1,1500000,15000000.0,181,181.0,RUB,14.1,False,True,False,False,,,,нет,по ставке до востребования,14.1,14.1
2237,Банк ДОМ.РФ,https://cdn.banki.ru/cdn/bank/2237_modern_logo_url.svg,2312,ДОМа надежно,https://www.banki.ru/products/deposits/deposit/25080/,10.8,10.8,10000,1499999.0,31,31.0,RUB,10.8,False,True,False,False,,,,нет,по ставке до востребования,10.8,10.8
2237,Банк ДОМ.РФ,https://cdn.banki.ru/cdn/bank/2237_modern_logo_url.svg,2312,ДОМа надежно,https://www.banki.ru/products/deposits/deposit/25579/,11.0,11.0,1500000,15000000.0,31,31.0,RUB,11.0,False,True,False,False,,,,нет,по ставке до востребования,11.0,11.0
2237,Банк ДОМ.РФ,https://cdn.banki.ru/cdn/bank/2237_modern_logo_url.svg,2312,ДОМа надежно,https://www.banki.ru/products/deposits/deposit/24562/,12.3,12.3,10000,1499999.0,367,367.0,RUB,12.3,False,True,False,False,,,,нет,по ставке до востребования,12.3,12.3
2237,Банк ДОМ.РФ,https://cdn.banki.ru/cdn/bank/2237_modern_logo_url.svg,2312,ДОМа надежно,https://www.banki.ru/products/deposits/deposit/25582/,12.5,12.5,1500000,15000000.0,367,367.0,RUB,12.5,False,True,False,False,,,,нет,по ставке до востребования,12.5,12.5
7292,Московский кредитный банк (МКБ),https://cdn.banki.ru/cdn/bank/7292_modern_logo_url.svg,1978,МКБ. Перспектива,https://www.banki.ru/products/deposits/deposit/25414/,15.0,15.0,10000,3000000.0,95,95.0,RUB,15.0,True,True,False,False,Бонус от суммы вклада за оформление онлайн на Банки.ру,1.5,https://www.banki.ru/specials/deposits/bonus_k_stavke_2026/,нет,по ставке до востребования,15.0,15.0
7292,Московский кредитный банк (МКБ),https://cdn.banki.ru/cdn/bank/7292_modern_logo_url.svg,1978,МКБ. Перспектива,https://www.banki.ru/products/deposits/deposit/25416/,14.1,14.1,10000,3000000.0,370,370.0,RUB,14.1,False,True,False,False,,,,нет,по ставке до востребования,14.1,14.1
7292,Московский кредитный банк (МКБ),https://cdn.banki.ru/cdn/bank/7292_modern_logo_url.svg,1978,МКБ. Перспектива,https://www.banki.ru/products/deposits/deposit/25415/,14.6,14.6,10000,3000000.0,185,185.0,RUB,14.6,False,True,False,False,,,,нет,по ставке до востребования,14.6,14.6
7292,Московский кредитный банк (МКБ),https://cdn.banki.ru/cdn/bank/7292_modern_logo_url.svg,1978,МКБ. Перспектива,https://www.banki.ru/products/deposits/deposit/25417/,13.0,13.0,10000,3000000.0,540,540.0,RUB,13.0,False,True,False,False,,,,нет,по ставке до востребования,13.0,13.0
7292,Московский кредитный банк (МКБ),https://cdn.banki.ru/cdn/bank/7292_modern_logo_url.svg,1978,МКБ. Перспектива,https://www.banki.ru/products/deposits/deposit/25418/,12.9,12.9,10000,3000000.0,730,730.0,RUB,12.9,False,True,False,False,,,,нет,по ставке до востребования,12.9,12.9
7292,Московский кредитный банк (МКБ),https://cdn.banki.ru/cdn/bank/7292_modern_logo_url.svg,1978,МКБ. Перспектива,https://www.banki.ru/products/deposits/deposit/25419/,12.0,12.0,10000,3000000.0,1100,1100.0,RUB,12.0,False,True,False,False,,,,нет,по ставке до востребования,12.0,12.0
63520,Уралсиб,https://cdn.banki.ru/cdn/bank/63520_modern_logo_url.svg,30,Уралсиб счет,https://www.banki.ru/products/deposits/deposit/24928/,10.0,10.0,1000000,2000000.0,30,,RUB,10.0,False,True,True,True,,,,по выбору клиента,на льготных условиях,10.0,10.0
191203,Примсоцбанк,https://cdn.banki.ru/cdn/bank/191203_modern_logo_url.svg,2733,Спринт Маркетплейс,https://www.banki.ru/products/deposits/deposit/25234/,13.0,13.0,100000,50000000.0,91,91.0,RUB,13.0,False,True,False,False,,,,нет,по ставке до востребования,13.0,13.0
11518,Банк ТКБ,https://cdn.banki.ru/cdn/bank/11518_modern_logo_url.svg,2210,ТКБ. Потенциальный доход_91,https://www.banki.ru/products/deposits/deposit/24809/,14.25,14.25,100000,3000000.0,91,91.0,RUB,14.25,False,True,False,False,,,,нет,по ставке до востребования,14.25,14.25
11518,Банк ТКБ,https://cdn.banki.ru/cdn/bank/11518_modern_logo_url.svg,2210,ТКБ. Потенциальный доход_181,https://www.banki.ru/products/deposits/deposit/24774/,13.6,13.6,100000,3000000.0,181,181.0,RUB,13.6,False,True,False,False,,,,нет,по ставке до востребования,13.6,13.6
11518,Банк ТКБ,https://cdn.banki.ru/cdn/bank/11518_modern_logo_url.svg,2210,ТКБ. Потенциальный доход_367,https://www.banki.ru/products/deposits/deposit/24810/,12.75,12.75,100000,3000000.0,367,367.0,RUB,12.75,False,True,False,False,,,,нет,по ставке до востребования,12.75,12.75
68792,ФИНСТАР БАНК,https://cdn.banki.ru/cdn/bank/68792_modern_logo_url.svg,3245,Классический онлайн,https://www.banki.ru/products/deposits/deposit/25692/,14.0,14.0,200000,2000000.0,91,91.0,RUB,14.0,True,True,False,False,Бонус от суммы вклада за оформление онлайн на Банки.ру,1.5,https://www.banki.ru/specials/deposits/bonus_k_stavke_2026/,нет,по ставке до востребования,14.0,14.0
68792,ФИНСТАР БАНК,https://cdn.banki.ru/cdn/bank/68792_modern_logo_url.svg,3245,Классический онлайн,https://www.banki.ru/products/deposits/deposit/25803/,13.0,13.0,200000,2000000.0,181,181.0,RUB,13.0,False,True,False,False,,,,нет,по ставке до востребования,13.0,13.0
68792,ФИНСТАР БАНК,https://cdn.banki.ru/cdn/bank/68792_modern_logo_url.svg,3245,Классический онлайн,https://www.banki.ru/products/deposits/deposit/25804/,12.0,12.0,200000,2000000.0,367,367.0,RUB,12.0,False,True,False,False,,,,нет,по ставке до востребования,12.0,12.0
191107,Дальневосточный Банк,https://cdn.banki.ru/cdn/bank/191107_modern_logo_url.svg,843,Финанс. Банки.ру,https://www.banki.ru/products/deposits/deposit/25513/,13.0,13.0,150000,5000000.0,93,93.0,RUB,13.0,False,True,False,False,,,,нет,по ставке до востребования,13.0,13.0
191107,Дальневосточный Банк,https://cdn.banki.ru/cdn/bank/191107_modern_logo_url.svg,843,Накопительный счет,https://www.banki.ru/products/deposits/deposit/24487/,12.0,12.0,10000,,30,,RUB,12.0,False,True,True,True,,,,по выбору клиента,на льготных условиях,12.0,12.0
190178,Свой Банк,https://cdn.banki.ru/cdn/bank/190178_modern_logo_url.svg,3223,Свой вклад с Банки.ру,https://www.banki.ru/products/deposits/deposit/25294/,9.92,9.92,30000,30000000.0,91,91.0,RUB,10.0,True,True,False,False,,,,есть,по ставке до востребования,10.0,10.0
190178,Свой Банк,https://cdn.banki.ru/cdn/bank/190178_modern_logo_url.svg,3223,Свой вклад с Банки.ру,https://www.banki.ru/products/deposits/deposit/25818/,9.88,9.88,30000,30000000.0,121,121.0,RUB,10.0,False,True,False,False,,,,есть,по ставке до востребования,10.0,10.0
190178,Свой Банк,https://cdn.banki.ru/cdn/bank/190178_modern_logo_url.svg,3223,Свой вклад с Банки.ру,https://www.banki.ru/products/deposits/deposit/24800/,9.8,9.8,30000,30000000.0,181,181.0,RUB,10.0,False,True,False,False,,,,есть,по ставке до востребования,10.0,10.0
190178,Свой Банк,https://cdn.banki.ru/cdn/bank/190178_modern_logo_url.svg,3223,Свой вклад с Банки.ру,https://www.banki.ru/products/deposits/deposit/24801/,9.57,9.57,30000,30000000.0,367,367.0,RUB,10.0,False,True,False,False,,,,есть,по ставке до востребования,10.0,10.0
76620,Совкомбанк,https://cdn.banki.ru/cdn/bank/76620_modern_logo_url.svg,963,Онлайн–копилка,https://www.banki.ru/products/deposits/deposit/22702/,17.0,17.0,1,1500000.0,1,91.0,RUB,17.0,False,True,True,True,,,,есть,на льготных условиях,10.0,17.0
76620,Совкомбанк,https://cdn.banki.ru/cdn/bank/76620_modern_logo_url.svg,963,Зимняя выгода,https://www.banki.ru/products/deposits/deposit/25762/,14.6,14.6,50000,,90,90.0,RUB,14.6,False,True,False,True,,,,нет,по ставке до востребования,12.5,14.6
76620,Совкомбанк,https://cdn.banki.ru/cdn/bank/76620_modern_logo_url.svg,963,Гибкий,https://www.banki.ru/products/deposits/deposit/25472/,13.6,13.6,10000,,91,91.0,RUB,13.6,False,True,True,True,,,,нет,по ставке до востребования,10.5,13.6
76620,Совкомбанк,https://cdn.banki.ru/cdn/bank/76620_modern_logo_url.svg,963,Регулярные %%,https://www.banki.ru/products/deposits/deposit/25544/,13.6,13.6,50000,,90,90.0,RUB,13.6,False,True,False,True,,,,нет,по ставке до востребования,9.5,13.6
11752949,Ozon Банк,https://cdn.banki.ru/cdn/bank/11752949_modern_logo_url.svg,3542,Накопительный счёт,https://www.banki.ru/products/deposits/deposit/23837/,17.0,17.0,1,,30,61.0,RUB,17.0,False,True,True,True,,,,по выбору клиента,на льготных условиях,11.0,17.0
11752949,Ozon Банк,https://cdn.banki.ru/cdn/bank/11752949_modern_logo_url.svg,3542,Срочный,https://www.banki.ru/products/deposits/deposit/24384/,14.82,14.82,10000,,91,91.0,RUB,15.0,False,True,False,False,,,,есть,по ставке до востребования,12.71,15.0
11752949,Ozon Банк,https://cdn.banki.ru/cdn/bank/11752949_modern_logo_url.svg,3542,Ежедневный доход,https://www.banki.ru/products/deposits/deposit/25494/,13.0,13.0,1,,1,,RUB,13.0,False,True,True,True,,,,по выбору клиента,на льготных условиях,13.0,13.0
325,Альфа-Банк,https://cdn.banki.ru/cdn/bank/325_modern_logo_url.svg,1326,Альфа-Счёт (на минимальный остаток),https://www.banki.ru/products/deposits/deposit/18953/,16.0,16.0,1,1000000.0,30,61.0,RUB,16.0,False,True,True,True,,,,по выбору клиента,на льготных условиях,4.0,16.0
325,Альфа-Банк,https://cdn.banki.ru/cdn/bank/325_modern_logo_url.svg,1326,Альфа-Вклад Новые деньги,https://www.banki.ru/products/deposits/deposit/25178/,14.82,14.82,50000,,92,92.0,RUB,15.01,False,True,False,False,,,,по выбору клиента,по ставке до востребования,8.1,15.01
325,Альфа-Банк,https://cdn.banki.ru/cdn/bank/325_modern_logo_url.svg,1326,Альфа-Вклад. Максимальный,https://www.banki.ru/products/deposits/deposit/23535/,14.62,14.62,50000,,92,92.0,RUB,14.8,False,True,False,False,,,,по выбору клиента,по ставке до востребования,7.3,14.8
325,Альфа-Банк,https://cdn.banki.ru/cdn/bank/325_modern_logo_url.svg,1326,Альфа-Счёт (на ежедневный остаток),https://www.banki.ru/products/deposits/deposit/24517/,14.5,14.5,1,1000000.0,30,61.0,RUB,14.5,False,True,True,True,,,,по выбору клиента,на льготных условиях,6.0,14.5
325,Альфа-Банк,https://cdn.banki.ru/cdn/bank/325_modern_logo_url.svg,1326,Альфа-Вклад (без пополнения и снятия),https://www.banki.ru/products/deposits/deposit/23316/,14.33,14.33,10000,,92,92.0,RUB,14.5,False,True,False,False,,,,по выбору клиента,по ставке до востребования,7.0,14.5
325,Альфа-Банк,https://cdn.banki.ru/cdn/bank/325_modern_logo_url.svg,1326,Альфа-Вклад Пенсионный,https://www.banki.ru/products/deposits/deposit/24426/,13.76,13.76,10000,,123,123.0,RUB,14.0,False,False,False,False,,,,по выбору клиента,по ставке до востребования,7.4,14.01
325,Альфа-Банк,https://cdn.banki.ru/cdn/bank/325_modern_logo_url.svg,1326,Альфа-Вклад (с пополнением),https://www.banki.ru/products/deposits/deposit/20586/,12.18,12.18,300000,,92,92.0,RUB,12.31,False,True,False,True,,,,по выбору клиента,по ставке до востребования,8.3,12.31
325,Альфа-Банк,https://cdn.banki.ru/cdn/bank/325_modern_logo_url.svg,1326,Альфа-Вклад (с пополнением и снятием),https://www.banki.ru/products/deposits/deposit/20587/,11.69,11.69,300000,,92,92.0,RUB,11.81,False,True,True,True,,,,по выбору клиента,по ставке до востребования,7.8,11.81
189187,Солид Банк,https://cdn.banki.ru/cdn/bank/189187_modern_logo_url.svg,1329,Детский,https://www.banki.ru/products/deposits/deposit/21343/,16.0,16.0,5000,,1096,1096.0,RUB,20.04,False,False,False,True,,,,есть,по ставке до востребования,20.04,20.04
189187,Солид Банк,https://cdn.banki.ru/cdn/bank/189187_modern_logo_url.svg,1329,Мандарин,https://www.banki.ru/products/deposits/deposit/25932/,16.0,16.0,30000,5000000.0,91,91.0,RUB,16.0,False,False,False,False,,,,нет,по ставке до востребования,16.0,16.0
189187,Солид Банк,https://cdn.banki.ru/cdn/bank/189187_modern_logo_url.svg,1329,Стабильный процент,https://www.banki.ru/products/deposits/deposit/22884/,14.5,14.5,50000,,180,180.0,RUB,14.5,False,False,False,True,,,,нет,по ставке до востребования,14.5,14.5
189187,Солид Банк,https://cdn.banki.ru/cdn/bank/189187_modern_logo_url.svg,1329,Солидная копилка,https://www.banki.ru/products/deposits/deposit/24925/,13.0,13.0,1,,1,,RUB,13.0,False,False,True,True,,,,по выбору клиента,на льготных условиях,13.0,13.0
189187,Солид Банк,https://cdn.banki.ru/cdn/bank/189187_modern_logo_url.svg,1329,Пенсионный,https://www.banki.ru/products/deposits/deposit/25545/,13.0,13.0,50000,,180,180.0,RUB,13.35,False,False,False,True,,,,по выбору клиента,по ставке до востребования,12.69,13.35
189187,Солид Банк,https://cdn.banki.ru/cdn/bank/189187_modern_logo_url.svg,1329,VIP,https://www.banki.ru/products/deposits/deposit/23784/,13.0,13.0,5000000,,367,367.0,RUB,13.0,False,False,False,True,,,,нет,на льготных условиях,13.0,13.0
189187,Солид Банк,https://cdn.banki.ru/cdn/bank/189187_modern_logo_url.svg,1329,Юбилейный 35,https://www.banki.ru/products/deposits/deposit/25952/,12.92,12.92,35000,,365,365.0,RUB,12.92,False,,False,True,,,,нет,на льготных условиях,12.92,12.92
189187,Солид Банк,https://cdn.banki.ru/cdn/bank/189187_modern_logo_url.svg,1329,Солидный,https://www.banki.ru/products/deposits/deposit/21721/,11.25,11.25,30000,,730,730.0,RUB,12.55,False,False,False,True,,,,есть,на льготных условиях,12.55,12.55
189187,Солид Банк,https://cdn.banki.ru/cdn/bank/189187_modern_logo_url.svg,1329,Перспективный,https://www.banki.ru/products/deposits/deposit/23635/,11.0,11.0,50000,,730,730.0,RUB,11.0,False,False,False,True,,,,нет,на льготных условиях,11.0,11.0
863,Банк ЗЕНИТ,https://cdn.banki.ru/cdn/bank/863_modern_logo_url.svg,3255,Новый горизонт,https://www.banki.ru/products/deposits/deposit/22377/,15.75,15.75,1400001,5000000.0,30,91.0,RUB,15.75,False,True,True,True,,,,по выбору клиента,на льготных условиях,3.5,15.75
863,Банк ЗЕНИТ,https://cdn.banki.ru/cdn/bank/863_modern_logo_url.svg,3255,Накопительный Онлайн,https://www.banki.ru/products/deposits/deposit/20885/,15.0,15.0,1,100000.0,30,,RUB,15.0,False,True,True,True,,,,по выбору клиента,на льготных условиях,3.5,15.0
863,Банк ЗЕНИТ,https://cdn.banki.ru/cdn/bank/863_modern_logo_url.svg,3255,Время возможностей,https://www.banki.ru/products/deposits/deposit/24714/,15.0,15.0,30000,,91,91.0,RUB,15.0,False,True,False,False,,,,нет,по ставке до востребования,12.9,15.0
863,Банк ЗЕНИТ,https://cdn.banki.ru/cdn/bank/863_modern_logo_url.svg,3255,Новая выгода,https://www.banki.ru/products/deposits/deposit/25776/,15.0,15.0,30000,,91,91.0,RUB,15.0,False,True,False,False,,,,нет,по ставке до востребования,12.9,15.0
863,Банк ЗЕНИТ,https://cdn.banki.ru/cdn/bank/863_modern_logo_url.svg,3255,Высокий доход,https://www.banki.ru/products/deposits/deposit/16049/,13.9,13.9,600000,,91,91.0,RUB,13.9,False,True,False,False,,,,нет,по ставке до востребования,7.85,13.9
863,Банк ЗЕНИТ,https://cdn.banki.ru/cdn/bank/863_modern_logo_url.svg,3255,Будущее в Зените,https://www.banki.ru/products/deposits/deposit/24781/,13.6,13.6,10000,,367,367.0,RUB,14.49,False,False,False,True,,,,есть,по ставке до востребования,14.49,14.49
863,Банк ЗЕНИТ,https://cdn.banki.ru/cdn/bank/863_modern_logo_url.svg,3255,Пенсионный,https://www.banki.ru/products/deposits/deposit/20187/,9.0,9.0,1000,2000000.0,367,367.0,RUB,9.38,False,True,True,True,,,,по выбору клиента,по ставке до востребования,9.38,9.38
187472,Яндекс Банк,https://cdn.banki.ru/cdn/bank/187472_modern_logo_url.svg,3027,Сейв,https://www.banki.ru/products/deposits/deposit/24672/,15.0,15.0,10000,10000000.0,91,91.0,RUB,15.0,False,True,False,True,,,,нет,по ставке до востребования,11.0,15.0
36119,Ак Барс Банк,https://cdn.banki.ru/cdn/bank/36119_modern_logo_url.svg,2590,Времена года,https://www.banki.ru/products/deposits/deposit/25763/,15.0,15.0,10000,15000000.0,121,121.0,RUB,15.0,False,True,False,False,,,,нет,на льготных условиях,7.75,15.0
36119,Ак Барс Банк,https://cdn.banki.ru/cdn/bank/36119_modern_logo_url.svg,2590,Наследие,https://www.banki.ru/products/deposits/deposit/25976/,14.5,14.5,10000,15000000.0,121,121.0,RUB,14.5,False,False,False,False,,,,нет,по ставке до востребования,12.0,14.5
36119,Ак Барс Банк,https://cdn.banki.ru/cdn/bank/36119_modern_logo_url.svg,2590,Доходный,https://www.banki.ru/products/deposits/deposit/25368/,13.6,13.6,500001,1000000.0,30,61.0,RUB,13.6,False,True,True,True,,,,по выбору клиента,на льготных условиях,2.5,13.6
36119,Ак Барс Банк,https://cdn.banki.ru/cdn/bank/36119_modern_logo_url.svg,2590,Просто накопить,https://www.banki.ru/products/deposits/deposit/16481/,12.15,12.15,10000,5000000.0,181,181.0,RUB,12.15,False,True,False,True,,,,нет,на льготных условиях,5.1,12.15
36119,Ак Барс Банк,https://cdn.banki.ru/cdn/bank/36119_modern_logo_url.svg,2590,Курс на выгоду,https://www.banki.ru/products/deposits/deposit/25929/,12.0,12.0,10000,15000000.0,121,121.0,RUB,12.0,False,False,False,False,,,,нет,по ставке до востребования,11.5,12.0
36119,Ак Барс Банк,https://cdn.banki.ru/cdn/bank/36119_modern_logo_url.svg,2590,Просто управлять,https://www.banki.ru/products/deposits/deposit/16482/,7.95,7.95,10000,5000000.0,91,91.0,RUB,7.95,False,True,True,True,,,,нет,на льготных условиях,3.05,7.95
36119,Ак Барс Банк,https://cdn.banki.ru/cdn/bank/36119_modern_logo_url.svg,2590,Просто поймать момент,https://www.banki.ru/products/deposits/deposit/16483/,6.95,6.95,10000,5000000.0,720,720.0,RUB,6.95,False,True,False,False,,,,нет,на льготных условиях,5.25,6.95
190303,БКС Банк,https://cdn.banki.ru/cdn/bank/190303_modern_logo_url.svg,101,Ключевой элемент,https://www.banki.ru/products/deposits/deposit/25857/,15.0,15.0,30000,100000000.0,240,240.0,RUB,15.0,False,True,False,False,,,,нет,по ставке до востребования,15.0,15.0
190303,БКС Банк,https://cdn.banki.ru/cdn/bank/190303_modern_logo_url.svg,101,На подарок,https://www.banki.ru/products/deposits/deposit/25330/,14.0,14.0,1000,1500000.0,60,60.0,RUB,14.0,False,True,False,True,,,,нет,по ставке до востребования,14.0,14.0
190303,БКС Банк,https://cdn.banki.ru/cdn/bank/190303_modern_logo_url.svg,101,Спринт,https://www.banki.ru/products/deposits/deposit/25253/,14.0,14.0,10000,,60,60.0,RUB,14.0,False,True,False,False,,,,нет,по ставке до востребования,14.0,14.0
190303,БКС Банк,https://cdn.banki.ru/cdn/bank/190303_modern_logo_url.svg,101,Выгодный,https://www.banki.ru/products/deposits/deposit/23059/,14.0,14.0,10000,,91,91.0,RUB,14.0,False,True,False,False,,,,нет,по ставке до востребования,12.5,14.0
190303,БКС Банк,https://cdn.banki.ru/cdn/bank/190303_modern_logo_url.svg,101,Быстрый доход,https://www.banki.ru/products/deposits/deposit/25779/,13.6,13.6,50000,,91,91.0,RUB,13.6,False,True,False,False,,,,нет,по ставке до востребования,12.0,13.6
190303,БКС Банк,https://cdn.banki.ru/cdn/bank/190303_modern_logo_url.svg,101,Комфортный,https://www.banki.ru/products/deposits/deposit/22896/,13.0,13.0,10000,,181,181.0,RUB,13.0,False,True,True,True,,,,нет,по ставке до востребования,12.0,13.0
190303,БКС Банк,https://cdn.banki.ru/cdn/bank/190303_modern_logo_url.svg,101,Пульс дохода,https://www.banki.ru/products/deposits/deposit/25905/,13.0,13.0,50000,,181,181.0,RUB,13.35,False,True,False,False,,,,по выбору клиента,по ставке до востребования,12.47,13.35
190303,БКС Банк,https://cdn.banki.ru/cdn/bank/190303_modern_logo_url.svg,101,Динамика,https://www.banki.ru/products/deposits/deposit/25386/,13.0,13.0,10000000,49999999.0,91,91.0,RUB,13.0,False,True,True,True,,,,нет,по ставке до востребования,12.0,13.0
190303,БКС Банк,https://cdn.banki.ru/cdn/bank/190303_modern_logo_url.svg,101,Накопительный счет,https://www.banki.ru/products/deposits/deposit/25036/,11.0,11.0,1,,30,,RUB,11.0,False,False,True,True,,,,нет,на льготных условиях,11.0,11.0
351,Русский Стандарт,https://cdn.banki.ru/cdn/bank/351_modern_logo_url.svg,2289,Новый доход,https://www.banki.ru/products/deposits/deposit/22349/,15.0,15.0,100000,,95,95.0,RUB,15.0,False,True,False,False,,,,нет,по ставке до востребования,14.1,15.0
351,Русский Стандарт,https://cdn.banki.ru/cdn/bank/351_modern_logo_url.svg,2289,Новые деньги,https://www.banki.ru/products/deposits/deposit/25276/,15.0,15.0,1500000,,95,95.0,RUB,15.0,False,True,False,False,,,,нет,по ставке до востребования,14.1,15.0
351,Русский Стандарт,https://cdn.banki.ru/cdn/bank/351_modern_logo_url.svg,2289,Пенсионный,https://www.banki.ru/products/deposits/deposit/17844/,12.75,12.75,10000,,181,181.0,RUB,12.75,False,True,False,False,,,,нет,по ставке до востребования,8.0,12.75
351,Русский Стандарт,https://cdn.banki.ru/cdn/bank/351_modern_logo_url.svg,2289,Доходный,https://www.banki.ru/products/deposits/deposit/25495/,8.5,8.5,1000,1000000.0,30,,RUB,8.5,False,True,True,True,,,,по выбору клиента,на льготных условиях,3.0,8.5
192841,Энергобанк,https:,67,Прибыльный,https://www.banki.ru/products/deposits/deposit/24899/,14.75,14.75,50000,,91,91.0,RUB,14.75,False,False,False,False,,,,нет,по ставке до востребования,14.25,14.75
192841,Энергобанк,https:,67,Кибервклад,https://www.banki.ru/products/deposits/deposit/20143/,14.25,14.25,10000,,91,91.0,RUB,14.25,False,True,False,True,,,,нет,по ставке до востребования,10.0,14.25
192841,Энергобанк,https:,67,Выгодный,https://www.banki.ru/products/deposits/deposit/22729/,14.0,14.0,50000,,91,91.0,RUB,14.0,False,False,False,False,,,,нет,по ставке до востребования,9.0,14.0
192841,Энергобанк,https:,67,Максимальный,https://www.banki.ru/products/deposits/deposit/25881/,13.66,13.66,200000,,181,181.0,RUB,13.66,False,False,False,True,,,,нет,по ставке до востребования,13.66,13.66
192841,Энергобанк,https:,67,Накопительный счет,https://www.banki.ru/products/deposits/deposit/25634/,10.0,10.0,1,,30,,RUB,10.0,False,True,True,True,,,,по выбору клиента,на льготных условиях,10.0,10.0
192841,Энергобанк,https:,67,Лови момент,https://www.banki.ru/products/deposits/deposit/25135/,10.0,10.0,50000,,540,540.0,RUB,10.0,False,False,False,True,,,,нет,на льготных условиях,10.0,10.0
192841,Энергобанк,https:,67,Перспектива,https://www.banki.ru/products/deposits/deposit/24163/,8.5,8.5,50000,,367,367.0,RUB,8.5,False,False,False,True,,,,нет,на льготных условиях,8.5,8.5
192841,Энергобанк,https:,67,Мудрое решение,https://www.banki.ru/products/deposits/deposit/13461/,8.15,8.15,5000,,367,367.0,RUB,8.15,False,False,False,True,,,,нет,на льготных условиях,7.0,8.15
192841,Энергобанк,https:,67,Кошелёк пенсионера +,https://www.banki.ru/products/deposits/deposit/14710/,6.0,6.0,100,,730,730.0,RUB,6.36,False,False,True,True,,,,есть,на льготных условиях,6.36,6.36
192841,Энергобанк,https:,67,Удобный онлайн,https://www.banki.ru/products/deposits/deposit/20259/,6.0,6.0,500000,,367,367.0,RUB,6.0,False,True,True,True,,,,нет,по ставке до востребования,5.1,6.0
192841,Энергобанк,https:,67,Бонус пенсионерам 2,https://www.banki.ru/products/deposits/deposit/9068/,5.1,5.1,1000,,367,367.0,RUB,5.22,False,False,False,True,,,,по выбору клиента,по ставке до востребования,5.22,5.22
192841,Энергобанк,https:,67,Бонус пенсионерам 1,https://www.banki.ru/products/deposits/deposit/9067/,5.0,5.0,1000,,367,367.0,RUB,5.12,False,False,False,True,,,,по выбору клиента,по ставке до востребования,5.12,5.12
192841,Энергобанк,https:,67,Пенсионное настроение,https://www.banki.ru/products/deposits/deposit/4930/,5.0,5.0,5000,,367,367.0,RUB,5.0,False,False,False,True,,,,нет,по ставке до востребования,4.75,5.0
192841,Энергобанк,https:,67,Бонус пенсионерам,https://www.banki.ru/products/deposits/deposit/9066/,4.9,4.9,1000,,367,367.0,RUB,5.01,False,False,False,True,,,,по выбору клиента,по ставке до востребования,5.01,5.01
192841,Энергобанк,https:,67,Удобный,https://www.banki.ru/products/deposits/deposit/407/,4.5,4.5,1000000,,367,367.0,RUB,4.59,False,False,True,True,,,,есть,по ставке до востребования,3.44,4.59
192841,Энергобанк,https:,67,Классика,https://www.banki.ru/products/deposits/deposit/405/,3.7,3.7,100000,,367,367.0,RUB,3.7,False,False,False,True,,,,нет,по ставке до востребования,1.0,3.7
191079,АКИБАНК,https:,2587,Премьер Ключевой,https://www.banki.ru/products/deposits/deposit/25799/,14.72,14.72,7000000,,186,186.0,RUB,14.72,False,False,False,False,,,,нет,по ставке до востребования,14.72,14.72
191079,АКИБАНК,https:,2587,Снежный,https://www.banki.ru/products/deposits/deposit/26005/,14.25,14.25,10000,,93,93.0,RUB,14.42,False,True,False,True,,,,есть,по ставке до востребования,14.42,14.42
191079,АКИБАНК,https:,2587,Онлайн,https://www.banki.ru/products/deposits/deposit/16521/,13.75,13.75,1000,,93,93.0,RUB,13.75,False,True,False,True,,,,нет,по ставке до востребования,13.25,13.75
191079,АКИБАНК,https:,2587,Гибкий доход,https://www.banki.ru/products/deposits/deposit/25639/,13.6,13.6,100000,,120,120.0,RUB,13.6,False,False,False,False,,,,нет,по ставке до востребования,13.6,13.6
191079,АКИБАНК,https:,2587,Альтернатива +,https://www.banki.ru/products/deposits/deposit/20890/,13.5,13.5,10000,,93,93.0,RUB,13.5,False,False,False,False,,,,нет,по ставке до востребования,13.0,13.5
191079,АКИБАНК,https:,2587,Управляемый доход,https://www.banki.ru/products/deposits/deposit/25353/,12.0,12.0,100000,,186,186.0,RUB,12.0,False,False,True,True,,,,нет,по ставке до востребования,12.0,12.0
191079,АКИБАНК,https:,2587,Пенсия,https://www.banki.ru/products/deposits/deposit/1799/,10.0,10.0,100000,,367,367.0,RUB,10.0,False,False,True,True,,,,нет,по ставке до востребования,9.5,10.0
191079,АКИБАНК,https:,2587,Накопительный счет,https://www.banki.ru/products/deposits/deposit/23691/,9.6,9.6,10000,,30,,RUB,9.6,False,True,True,True,,,,по выбору клиента,на льготных условиях,9.6,9.6
191079,АКИБАНК,https:,2587,Пенсионный доход +,https://www.banki.ru/products/deposits/deposit/20169/,9.0,9.0,10,,372,372.0,RUB,9.0,False,False,True,True,,,,нет,по ставке до востребования,9.0,9.0
191079,АКИБАНК,https:,2587,Пенсионный - 250,https://www.banki.ru/products/deposits/deposit/23698/,8.0,8.0,1000000,,250,250.0,RUB,8.0,False,False,True,True,,,,нет,по ставке до востребования,6.5,8.0
191079,АКИБАНК,https:,2587,Пенсионный - 367,https://www.banki.ru/products/deposits/deposit/1455/,7.5,7.5,300000,,367,367.0,RUB,7.5,False,False,True,True,,,,нет,по ставке до востребования,6.5,7.5
322,Сбербанк,https://cdn.banki.ru/cdn/bank/322_modern_logo_url.svg,1481,Лучший % (ежемесячно),https://www.banki.ru/products/deposits/deposit/23255/,14.7,14.7,100000,,122,122.0,RUB,14.7,False,True,False,False,,,,нет,по ставке до востребования,5.95,14.7
322,Сбербанк,https://cdn.banki.ru/cdn/bank/322_modern_logo_url.svg,1481,Ключевой детский,https://www.banki.ru/products/deposits/deposit/25366/,14.5,14.5,1,5000000.0,182,182.0,RUB,14.94,False,False,False,True,,,,по выбору клиента,по ставке до востребования,14.94,14.94
322,Сбербанк,https://cdn.banki.ru/cdn/bank/322_modern_logo_url.svg,1481,Ключевой,https://www.banki.ru/products/deposits/deposit/25906/,14.0,14.0,100000,,182,182.0,RUB,14.41,False,True,False,False,,,,по выбору клиента,по ставке до востребования,14.41,17.28
322,Сбербанк,https://cdn.banki.ru/cdn/bank/322_modern_logo_url.svg,1481,Накопительный счёт,https://www.banki.ru/products/deposits/deposit/26000/,13.5,13.5,1,,30,61.0,RUB,13.5,False,True,True,True,,,,по выбору клиента,на льготных условиях,8.0,13.5
322,Сбербанк,https://cdn.banki.ru/cdn/bank/322_modern_logo_url.svg,1481,"СберВклад Молодёжный (без пополнения, в конце срока)",https://www.banki.ru/products/deposits/deposit/25777/,13.3,13.3,10000,,122,122.0,RUB,13.3,False,True,False,False,,,,нет,по ставке до востребования,6.3,13.3
322,Сбербанк,https://cdn.banki.ru/cdn/bank/322_modern_logo_url.svg,1481,"СберВклад Молодёжный (без пополнения, ежемесячно)",https://www.banki.ru/products/deposits/deposit/25778/,13.0,13.0,10000,,122,122.0,RUB,13.0,False,True,False,False,,,,нет,по ставке до востребования,5.75,13.0
322,Сбербанк,https://cdn.banki.ru/cdn/bank/322_modern_logo_url.svg,1481,"СберВклад (без пополнения, в конце срока)",https://www.banki.ru/products/deposits/deposit/25781/,12.5,12.5,1000000,,122,122.0,RUB,12.5,False,True,False,False,,,,нет,по ставке до востребования,5.3,12.5
322,Сбербанк,https://cdn.banki.ru/cdn/bank/322_modern_logo_url.svg,1481,"СберВклад (без пополнения, ежемесячно)",https://www.banki.ru/products/deposits/deposit/25782/,12.2,12.2,1000000,,122,122.0,RUB,12.2,False,True,False,False,,,,нет,по ставке до востребования,4.75,12.2
322,Сбербанк,https://cdn.banki.ru/cdn/bank/322_modern_logo_url.svg,1481,Накопилка,https://www.banki.ru/products/deposits/deposit/25699/,8.0,8.0,1,200000.0,30,30.0,RUB,8.0,False,True,True,True,,,,нет,по ставке до востребования,8.0,8.0
322,Сбербанк,https://cdn.banki.ru/cdn/bank/322_modern_logo_url.svg,1481,Лучший % (в конце срока),https://www.banki.ru/products/deposits/deposit/24536/,15.0,15.0,100000,,122,122.0,RUB,15.0,False,True,False,False,,,,нет,по ставке до востребования,6.5,15.0
4725,Россельхозбанк,https://cdn.banki.ru/cdn/bank/4725_modern_logo_url.svg,3349,Доходный Пенсионный (в конце срока),https://www.banki.ru/products/deposits/deposit/20069/,14.6,14.6,500,,91,91.0,RUB,14.6,False,False,False,False,,,,нет,по ставке до востребования,7.6,14.6
4725,Россельхозбанк,https://cdn.banki.ru/cdn/bank/4725_modern_logo_url.svg,3349,Свой вклад (в конце срока),https://www.banki.ru/products/deposits/deposit/24508/,14.6,14.6,5000,,91,91.0,RUB,14.6,False,True,False,False,,,,нет,по ставке до востребования,7.8,14.6
4725,Россельхозбанк,https://cdn.banki.ru/cdn/bank/4725_modern_logo_url.svg,3349,Доходный Пенсионный (ежемесячно),https://www.banki.ru/products/deposits/deposit/22617/,14.4,14.4,500,,91,91.0,RUB,14.4,False,False,False,False,,,,нет,по ставке до востребования,6.85,14.4
4725,Россельхозбанк,https://cdn.banki.ru/cdn/bank/4725_modern_logo_url.svg,3349,Свой вклад (ежемесячно),https://www.banki.ru/products/deposits/deposit/24509/,14.4,14.4,5000,,91,91.0,RUB,14.57,False,True,False,False,,,,по выбору клиента,по ставке до востребования,7.57,14.57
4725,Россельхозбанк,https://cdn.banki.ru/cdn/bank/4725_modern_logo_url.svg,3349,Мой счёт,https://www.banki.ru/products/deposits/deposit/19284/,13.5,13.5,100,1500000.0,30,91.0,RUB,13.5,False,True,True,True,,,,по выбору клиента,на льготных условиях,8.0,13.5
4725,Россельхозбанк,https://cdn.banki.ru/cdn/bank/4725_modern_logo_url.svg,3349,Доходный (в конце срока),https://www.banki.ru/products/deposits/deposit/17602/,12.7,12.7,10000,,180,180.0,RUB,12.7,False,True,False,False,,,,нет,по ставке до востребования,6.3,12.7
4725,Россельхозбанк,https://cdn.banki.ru/cdn/bank/4725_modern_logo_url.svg,3349,Доходный (ежемесячно),https://www.banki.ru/products/deposits/deposit/25536/,12.3,12.3,10000,,180,180.0,RUB,12.61,False,True,False,False,,,,по выбору клиента,по ставке до востребования,6.02,12.61
4725,Россельхозбанк,https://cdn.banki.ru/cdn/bank/4725_modern_logo_url.svg,3349,Моя копилка,https://www.banki.ru/products/deposits/deposit/20301/,9.5,9.5,100,,30,,RUB,9.5,False,True,True,True,,,,по выбору клиента,на льготных условиях,9.5,9.5
4725,Россельхозбанк,https://cdn.banki.ru/cdn/bank/4725_modern_logo_url.svg,3349,Растущий доход,https://www.banki.ru/products/deposits/deposit/20476/,7.83,7.83,10000,,540,540.0,RUB,7.83,False,False,False,False,,,,нет,на льготных условиях,7.83,7.83
4725,Россельхозбанк,https://cdn.banki.ru/cdn/bank/4725_modern_logo_url.svg,3349,Пополняемый,https://www.banki.ru/products/deposits/deposit/18167/,6.3,6.3,700000,10000000.0,91,91.0,RUB,6.33,False,True,False,True,,,,по выбору клиента,по ставке до востребования,5.65,6.33
4725,Россельхозбанк,https://cdn.banki.ru/cdn/bank/4725_modern_logo_url.svg,3349,Пенсионный Плюс,https://www.banki.ru/products/deposits/deposit/7155/,6.2,6.2,2000000,10000000.0,395,395.0,RUB,6.4,False,False,True,True,,,,есть,по ставке до востребования,4.02,6.4
4725,Россельхозбанк,https://cdn.banki.ru/cdn/bank/4725_modern_logo_url.svg,3349,Комфортный,https://www.banki.ru/products/deposits/deposit/18169/,6.1,6.1,700000,10000000.0,91,91.0,RUB,6.13,False,True,True,True,,,,по выбору клиента,по ставке до востребования,4.08,6.13
4725,Россельхозбанк,https://cdn.banki.ru/cdn/bank/4725_modern_logo_url.svg,3349,Накопи на мечту,https://www.banki.ru/products/deposits/deposit/13200/,4.0,4.0,3000,10000000.0,730,730.0,RUB,4.16,False,False,False,True,,,,есть,на льготных условиях,3.46,4.24
192887,Тимер Банк,https:,1581,Накопительный,https://www.banki.ru/products/deposits/deposit/20354/,14.25,14.25,1500000,10000000.0,31,31.0,RUB,14.25,False,True,False,True,,,,по выбору клиента,по ставке до востребования,8.66,14.25
192887,Тимер Банк,https:,1581,Кошелек,https://www.banki.ru/products/deposits/deposit/24924/,14.25,14.25,1500001,10000000.0,31,31.0,RUB,14.25,False,True,True,True,,,,по выбору клиента,по ставке до востребования,8.85,14.25
192887,Тимер Банк,https:,1581,Пенсионный,https://www.banki.ru/products/deposits/deposit/21866/,14.25,14.25,1500001,10000000.0,31,31.0,RUB,14.25,False,False,True,True,,,,по выбору клиента,по ставке до востребования,8.66,14.25
192887,Тимер Банк,https:,1581,Сберегательный,https://www.banki.ru/products/deposits/deposit/22144/,14.25,14.25,1500001,100000000.0,31,31.0,RUB,14.25,False,True,False,False,,,,по выбору клиента,по ставке до востребования,9.84,14.42
192887,Тимер Банк,https:,1581,Доходный Плюс,https://www.banki.ru/products/deposits/deposit/25543/,14.0,14.0,1000,10000000.0,30,,RUB,14.0,False,True,True,True,,,,по выбору клиента,на льготных условиях,14.0,14.0
192887,Тимер Банк,https:,1581,Патриот,https://www.banki.ru/products/deposits/deposit/23488/,13.0,13.0,50000,10000000.0,181,181.0,RUB,13.0,False,True,False,False,,,,нет,по ставке до востребования,11.0,13.0
192887,Тимер Банк,https:,1581,Доходный,https://www.banki.ru/products/deposits/deposit/25517/,12.0,12.0,1000,10000000.0,30,,RUB,12.0,False,True,True,True,,,,по выбору клиента,на льготных условиях,12.0,12.0
197032,АвтоКредитБанк,https:,1973,Срочный-Универсальный (ежемесячно),https://www.banki.ru/products/deposits/deposit/4566/,14.0,14.0,100000,10000000.0,371,371.0,RUB,14.0,False,False,False,False,,,,нет,на льготных условиях,14.0,14.0
197032,АвтоКредитБанк,https:,1973,Срочный-Универсальный (с капитализацией),https://www.banki.ru/products/deposits/deposit/4567/,13.6,13.6,100000,10000000.0,371,371.0,RUB,14.5,False,False,False,False,,,,есть,на льготных условиях,14.5,14.5
12453,ГЕНБАНК,https:,2490,Пополняемый (в конце срока),https://www.banki.ru/products/deposits/deposit/25198/,13.3,13.3,30000,,91,91.0,RUB,13.3,False,True,False,True,,,,нет,по ставке до востребования,9.5,13.3
12453,ГЕНБАНК,https:,2490,Пополняемый (ежемесячно),https://www.banki.ru/products/deposits/deposit/25199/,13.0,13.0,30000,,91,91.0,RUB,13.0,False,True,False,True,,,,нет,по ставке до востребования,8.5,13.0
195706,Т-Банк,https://cdn.banki.ru/cdn/bank/195706_modern_logo_url.svg,2673,СмартВклад со стандартной ставкой,https://www.banki.ru/products/deposits/deposit/1701/,11.0,11.0,50000,,61,61.0,RUB,11.05,False,True,True,True,,,,по выбору клиента,по ставке до востребования,7.45,11.25
195706,Т-Банк,https://cdn.banki.ru/cdn/bank/195706_modern_logo_url.svg,2673,Накопительный счет,https://www.banki.ru/products/deposits/deposit/22988/,9.0,9.0,1,,30,,RUB,9.0,False,True,True,True,,,,по выбору клиента,на льготных условиях,9.0,9.0
195706,Т-Банк,https://cdn.banki.ru/cdn/bank/195706_modern_logo_url.svg,2673,СмартВклад с повышенной ставкой,https://www.banki.ru/products/deposits/deposit/14907/,14.56,14.56,50000,,182,182.0,RUB,15.01,False,True,True,True,,,,по выбору клиента,по ставке до востребования,12.73,15.01
