productId,productUid,productType,productName,name,url,smallImage,updatedAt,partner_id,partner_uid,partner_type,partner_name,partner_image,partner_license,partner_url,partner_phone,partner_address,partner_code,meta_currency,meta_detailLink,meta_rateMin,meta_rateMax,meta_rateRange,meta_fullCreditRateMin,meta_fullCreditRateMax,meta_amountMin,meta_amountMax,meta_amountRange,meta_termMin,meta_termMax,meta_periodFromNotation,meta_periodToNotation,meta_termUnit,meta_issuanceCostMin,meta_issuanceCostMax,meta_annualServiceMin,meta_annualServiceMax,meta_cashWithdrawalsAtAtms,meta_cashWithdrawalsAtOtherBankAtms,meta_initialFeeMin,meta_initialFeeMax
17280,523203,credit,Запросто,Запросто,https://www.banki.ru/products/credits/credit/5232/,https://cdn.banki.ru/cdn/bank/96003_mobile_logo_url.png,05.06.2026 11:08,96003,960031,bank,Банк Синара,https://cdn.banki.ru/cdn/bank/96003_mobile_logo_url.png,705,www.sinara.ru,8 800 100-06-00,"620026, г. Екатеринбург, ул. Куйбышева, д. 75",skb-bank,RUB,https://www.banki.ru/products/credits/credit/5232/,11.9,37.0,"11,9–37%",,,51000,5440000,51 000–5 440 000 ₽,365,1825,1y,5y,4,,,,,,,,
19306,20113103,credit,Под залог недвижимости «Большая покупка»,Под залог недвижимости «Большая покупка»,https://www.banki.ru/products/credits/credit/201131/,https://cdn.banki.ru/cdn/bank/96003_mobile_logo_url.png,05.06.2026 11:15,96003,960031,bank,Банк Синара,https://cdn.banki.ru/cdn/bank/96003_mobile_logo_url.png,705,www.sinara.ru,8 800 100-06-00,"620026, г. Екатеринбург, ул. Куйбышева, д. 75",skb-bank,RUB,https://www.banki.ru/products/credits/credit/201131/,9.9,23.0,"9,9–23%",,,700000,13750000,700 000–13 750 000 ₽,365,5475,1y,15y,4,,,,,,,,
16731,103,credit,На любые цели,На любые цели,https://www.banki.ru/products/credits/credit/1/,https://cdn.banki.ru/cdn/bank/322_mobile_logo_url.png,05.06.2026 11:05,322,3221,bank,Сбербанк,https://cdn.banki.ru/cdn/bank/322_mobile_logo_url.png,1481,www.sberbank.ru,8 800 555-55-50,"117997, г. Москва, ул. Вавилова, д. 19",sberbank,RUB,https://www.banki.ru/products/credits/credit/1/,18.4,49.9,"18,4–49,9%",,,10000,30000000,10 000–30 000 000 ₽,31,1825,1m,5y,4,,,,,,,,
19311,403,credit,На любые цели под залог недвижимости,На любые цели под залог недвижимости,https://www.banki.ru/products/credits/credit/4/,https://cdn.banki.ru/cdn/bank/322_mobile_logo_url.png,05.06.2026 11:12,322,3221,bank,Сбербанк,https://cdn.banki.ru/cdn/bank/322_mobile_logo_url.png,1481,www.sberbank.ru,8 800 555-55-50,"117997, г. Москва, ул. Вавилова, д. 19",sberbank,RUB,https://www.banki.ru/products/credits/credit/4/,16.2,34.151,"16,2–34,151%",,,200000,20000000,200 000–20 000 000 ₽,365,10950,1y,30y,4,,,,,,,,
16741,17903,credit,Образовательный,Образовательный,https://www.banki.ru/products/credits/credit/179/,https://cdn.banki.ru/cdn/bank/322_mobile_logo_url.png,04.06.2026 19:05,322,3221,bank,Сбербанк,https://cdn.banki.ru/cdn/bank/322_mobile_logo_url.png,1481,www.sberbank.ru,8 800 555-55-50,"117997, г. Москва, ул. Вавилова, д. 19",sberbank,RUB,https://www.banki.ru/products/credits/credit/179/,3.0,3.0,3%,,,10000,10000000,10 000–10 000 000 ₽,5475,5475,15y,15y,4,,,,,,,,
19810,21114903,credit,Классика,Классика,https://www.banki.ru/products/credits/credit/211149/,https://cdn.banki.ru/cdn/bank/351_mobile_logo_url.png,05.06.2026 11:21,351,3511,bank,Русский Стандарт,https://cdn.banki.ru/cdn/bank/351_mobile_logo_url.png,2289,www.rsb.ru,+7 (495) 748-07-48,"105187, г. Москва, ул. Ткацкая, д. 36",rsb,RUB,https://www.banki.ru/products/credits/credit/211149/,16.9,51.0,"16,9–51%",,,30000,3000000,30 000–3 000 000 ₽,30,1825,1m,5y,4,,,,,,,,
16978,424703,credit,Наличными,Наличными,https://www.banki.ru/products/credits/credit/4247/,https://cdn.banki.ru/cdn/bank/351_mobile_logo_url.png,05.06.2026 11:21,351,3511,bank,Русский Стандарт,https://cdn.banki.ru/cdn/bank/351_mobile_logo_url.png,2289,www.rsb.ru,+7 (495) 748-07-48,"105187, г. Москва, ул. Ткацкая, д. 36",rsb,RUB,https://www.banki.ru/products/credits/credit/4247/,24.9,65.0,"24,9–65%",,,30000,3000000,30 000–3 000 000 ₽,31,1825,1m,5y,4,,,,,,,,
19506,20111403,credit,Под залог недвижимости,Под залог недвижимости,https://www.banki.ru/products/credits/credit/201114/,https://cdn.banki.ru/cdn/bank/351_mobile_logo_url.png,05.06.2026 11:26,351,3511,bank,Русский Стандарт,https://cdn.banki.ru/cdn/bank/351_mobile_logo_url.png,2289,www.rsb.ru,+7 (495) 748-07-48,"105187, г. Москва, ул. Ткацкая, д. 36",rsb,RUB,https://www.banki.ru/products/credits/credit/201114/,22.9,33.0,"22,9–33%",,,500000,10000000,500 000–10 000 000 ₽,183,3650,6m,10y,4,,,,,,,,
18157,20111303,credit,Под залог авто,Под залог авто,https://www.banki.ru/products/credits/credit/201113/,https://cdn.banki.ru/cdn/bank/351_mobile_logo_url.png,05.06.2026 11:22,351,3511,bank,Русский Стандарт,https://cdn.banki.ru/cdn/bank/351_mobile_logo_url.png,2289,www.rsb.ru,+7 (495) 748-07-48,"105187, г. Москва, ул. Ткацкая, д. 36",rsb,RUB,https://www.banki.ru/products/credits/credit/201113/,24.9,35.0,"24,9–35%",,,30000,3000000,30 000–3 000 000 ₽,31,3650,1m,10y,4,,,,,,,,
16814,277003,credit,Стандартный плюс,Стандартный плюс,https://www.banki.ru/products/credits/credit/2770/,https://cdn.banki.ru/cdn/bank/76620_mobile_logo_url.png,05.06.2026 10:31,76620,766201,bank,Совкомбанк,https://cdn.banki.ru/cdn/bank/76620_mobile_logo_url.png,963,www.sovcombank.ru,8 800 100-00-06,"156000, г. Кострома, просп. Текстильщиков, д. 46",sovcombank,RUB,https://www.banki.ru/products/credits/credit/2770/,19.9,33.9,"19,9–33,9%",,,50000,399999,50 000–399 999 ₽,365,1825,5y,5y,4,,,,,,,,
17115,494603,credit,Прайм «Выгодный»,Прайм «Выгодный»,https://www.banki.ru/products/credits/credit/4946/,https://cdn.banki.ru/cdn/bank/76620_mobile_logo_url.png,05.06.2026 10:29,76620,766201,bank,Совкомбанк,https://cdn.banki.ru/cdn/bank/76620_mobile_logo_url.png,963,www.sovcombank.ru,8 800 100-00-06,"156000, г. Кострома, просп. Текстильщиков, д. 46",sovcombank,RUB,https://www.banki.ru/products/credits/credit/4946/,14.9,39.9,"14,9–39,9%",,,300000,5000000,300 000–5 000 000 ₽,365,1825,1y,5y,4,,,,,,,,
17600,20100203,credit,Прайм «Специальный»,Прайм «Специальный»,https://www.banki.ru/products/credits/credit/201002/,https://cdn.banki.ru/cdn/bank/76620_mobile_logo_url.png,05.06.2026 10:32,76620,766201,bank,Совкомбанк,https://cdn.banki.ru/cdn/bank/76620_mobile_logo_url.png,963,www.sovcombank.ru,8 800 100-00-06,"156000, г. Кострома, просп. Текстильщиков, д. 46",sovcombank,RUB,https://www.banki.ru/products/credits/credit/201002/,14.9,39.9,"14,9–39,9%",,,30000,3000000,30 000–3 000 000 ₽,365,1825,1y,5y,4,,,,,,,,
16934,394503,credit,Денежный кредит под залог авто «Выгодный»,Денежный кредит под залог авто «Выгодный»,https://www.banki.ru/products/credits/credit/3945/,https://cdn.banki.ru/cdn/bank/76620_mobile_logo_url.png,05.06.2026 10:50,76620,766201,bank,Совкомбанк,https://cdn.banki.ru/cdn/bank/76620_mobile_logo_url.png,963,www.sovcombank.ru,8 800 100-00-06,"156000, г. Кострома, просп. Текстильщиков, д. 46",sovcombank,RUB,https://www.banki.ru/products/credits/credit/3945/,14.9,39.9,"14,9–39,9%",,,150000,15000000,150 000–15 000 000 ₽,365,1825,1y,5y,4,,,,,,,,
17630,20103303,credit,Прайм Хит,Прайм Хит,https://www.banki.ru/products/credits/credit/201033/,https://cdn.banki.ru/cdn/bank/76620_mobile_logo_url.png,05.06.2026 10:30,76620,766201,bank,Совкомбанк,https://cdn.banki.ru/cdn/bank/76620_mobile_logo_url.png,963,www.sovcombank.ru,8 800 100-00-06,"156000, г. Кострома, просп. Текстильщиков, д. 46",sovcombank,RUB,https://www.banki.ru/products/credits/credit/201033/,14.9,39.9,"14,9–39,9%",,,300000,5000000,300 000–5 000 000 ₽,365,1825,1y,5y,4,,,,,,,,
17673,20107603,credit,Под залог авто,Под залог авто,https://www.banki.ru/products/credits/credit/201076/,https://cdn.banki.ru/cdn/bank/76620_mobile_logo_url.png,05.06.2026 10:28,76620,766201,bank,Совкомбанк,https://cdn.banki.ru/cdn/bank/76620_mobile_logo_url.png,963,www.sovcombank.ru,8 800 100-00-06,"156000, г. Кострома, просп. Текстильщиков, д. 46",sovcombank,RUB,https://www.banki.ru/products/credits/credit/201076/,19.9,35.9,"19,9–35,9%",,,100000,15000000,100 000–15 000 000 ₽,365,3650,1y,10y,4,,,,,,,,
16833,306303,credit,Пенсионный плюс,Пенсионный плюс,https://www.banki.ru/products/credits/credit/3063/,https://cdn.banki.ru/cdn/bank/76620_mobile_logo_url.png,05.06.2026 10:31,76620,766201,bank,Совкомбанк,https://cdn.banki.ru/cdn/bank/76620_mobile_logo_url.png,963,www.sovcombank.ru,8 800 100-00-06,"156000, г. Кострома, просп. Текстильщиков, д. 46",sovcombank,RUB,https://www.banki.ru/products/credits/credit/3063/,19.9,32.9,"19,9–32,9%",,,50000,399999,50 000–399 999 ₽,365,1825,5y,5y,4,,,,,,,,
17033,458803,credit,Супер плюс,Супер плюс,https://www.banki.ru/products/credits/credit/4588/,https://cdn.banki.ru/cdn/bank/76620_mobile_logo_url.png,05.06.2026 10:29,76620,766201,bank,Совкомбанк,https://cdn.banki.ru/cdn/bank/76620_mobile_logo_url.png,963,www.sovcombank.ru,8 800 100-00-06,"156000, г. Кострома, просп. Текстильщиков, д. 46",sovcombank,RUB,https://www.banki.ru/products/credits/credit/4588/,19.9,31.9,"19,9–31,9%",,,200000,3000000,200 000–3 000 000 ₽,549,1825,18m,5y,4,,,,,,,,
19409,500703,credit,«Выгодный»,«Выгодный»,https://www.banki.ru/products/credits/credit/5007/,https://cdn.banki.ru/cdn/bank/76620_mobile_logo_url.png,05.06.2026 10:51,76620,766201,bank,Совкомбанк,https://cdn.banki.ru/cdn/bank/76620_mobile_logo_url.png,963,www.sovcombank.ru,8 800 100-00-06,"156000, г. Кострома, просп. Текстильщиков, д. 46",sovcombank,RUB,https://www.banki.ru/products/credits/credit/5007/,19.9,19.9,"19,9%",,,200000,30000000,200 000–30 000 000 ₽,1095,5475,3y,15y,4,,,,,,,,
19367,394403,credit,Под залог недвижимости,Под залог недвижимости,https://www.banki.ru/products/credits/credit/3944/,https://cdn.banki.ru/cdn/bank/76620_mobile_logo_url.png,05.06.2026 10:51,76620,766201,bank,Совкомбанк,https://cdn.banki.ru/cdn/bank/76620_mobile_logo_url.png,963,www.sovcombank.ru,8 800 100-00-06,"156000, г. Кострома, просп. Текстильщиков, д. 46",sovcombank,RUB,https://www.banki.ru/products/credits/credit/3944/,28.9,32.4,"28,9–32,4%",,,200000,30000000,200 000–30 000 000 ₽,1095,5475,3y,15y,4,,,,,,,,
17037,459703,credit,Под залог (авто),Под залог (авто),https://www.banki.ru/products/credits/credit/4597/,https://cdn.banki.ru/cdn/bank/195706_mobile_logo_url.png,05.06.2026 11:03,195706,1957061,bank,Т-Банк,https://cdn.banki.ru/cdn/bank/195706_mobile_logo_url.png,2673,www.tbank.ru,8 800 555-10-10,"127287, г. Москва, ул. 2-я Хуторская, д.38А, стр.26",tcs,RUB,https://www.banki.ru/products/credits/credit/4597/,19.9,32.9,"19,9–32,9%",,,100000,7000000,100 000–7 000 000 ₽,365,2555,1y,7y,4,,,,,,,,
17349,20075003,credit,На высшее образование,На высшее образование,https://www.banki.ru/products/credits/credit/200750/,https://cdn.banki.ru/cdn/bank/195706_mobile_logo_url.png,05.06.2026 11:03,195706,1957061,bank,Т-Банк,https://cdn.banki.ru/cdn/bank/195706_mobile_logo_url.png,2673,www.tbank.ru,8 800 555-10-10,"127287, г. Москва, ул. 2-я Хуторская, д.38А, стр.26",tcs,RUB,https://www.banki.ru/products/credits/credit/200750/,3.0,3.0,3%,,,5000,6000000,5 000–6 000 000 ₽,365,9125,1y,25y,4,,,,,,,,
17588,20098903,credit,Наличными,Наличными,https://www.banki.ru/products/credits/credit/200989/,https://cdn.banki.ru/cdn/bank/195706_mobile_logo_url.png,05.06.2026 11:02,195706,1957061,bank,Т-Банк,https://cdn.banki.ru/cdn/bank/195706_mobile_logo_url.png,2673,www.tbank.ru,8 800 555-10-10,"127287, г. Москва, ул. 2-я Хуторская, д.38А, стр.26",tcs,RUB,https://www.banki.ru/products/credits/credit/200989/,19.9,40.0,"19,9–40%",,,50000,5000000,50 000–5 000 000 ₽,365,1825,1y,5y,4,,,,,,,,
19349,342703,credit,Под залог (недвижимости),Под залог (недвижимости),https://www.banki.ru/products/credits/credit/3427/,https://cdn.banki.ru/cdn/bank/195706_mobile_logo_url.png,05.06.2026 10:52,195706,1957061,bank,Т-Банк,https://cdn.banki.ru/cdn/bank/195706_mobile_logo_url.png,2673,www.tbank.ru,8 800 555-10-10,"127287, г. Москва, ул. 2-я Хуторская, д.38А, стр.26",tcs,RUB,https://www.banki.ru/products/credits/credit/3427/,17.9,31.9,"17,9–31,9%",,,200000,30000000,200 000–30 000 000 ₽,365,5475,1y,15y,4,,,,,,,,
16989,433103,credit,Наличными ,Наличными ,https://www.banki.ru/products/credits/credit/4331/,https://cdn.banki.ru/cdn/bank/327_mobile_logo_url.png,05.06.2026 11:19,327,3271,bank,ВТБ,https://cdn.banki.ru/cdn/bank/327_mobile_logo_url.png,1000,www.vtb.ru,8 800 200-77-99,"190000, г. Санкт-Петербург, ул. Большая Морская, д. 29",vtb,RUB,https://www.banki.ru/products/credits/credit/4331/,3.7,40.5,"3,7–40,5%",,,100001,7000000,100 001–7 000 000 ₽,183,1825,6m,5y,4,,,,,,,,
17067,471603,credit,Экспресс,Экспресс,https://www.banki.ru/products/credits/credit/4716/,https://cdn.banki.ru/cdn/bank/327_mobile_logo_url.png,05.06.2026 11:19,327,3271,bank,ВТБ,https://cdn.banki.ru/cdn/bank/327_mobile_logo_url.png,1000,www.vtb.ru,8 800 200-77-99,"190000, г. Санкт-Петербург, ул. Большая Морская, д. 29",vtb,RUB,https://www.banki.ru/products/credits/credit/4716/,25.4,54.1,"25,4–54,1%",,,30000,100000,30 000–100 000 ₽,183,1825,6m,5y,4,,,,,,,,
19312,13703,credit,Под залог недвижимости,Под залог недвижимости,https://www.banki.ru/products/credits/credit/137/,https://cdn.banki.ru/cdn/bank/327_mobile_logo_url.png,29.05.2026 11:35,327,3271,bank,ВТБ,https://cdn.banki.ru/cdn/bank/327_mobile_logo_url.png,1000,www.vtb.ru,8 800 200-77-99,"190000, г. Санкт-Петербург, ул. Большая Морская, д. 29",vtb,RUB,https://www.banki.ru/products/credits/credit/137/,20.8,22.8,"20,8–22,8%",,,1500000,40000000,1 500 000–40 000 000 ₽,365,5475,1y,15y,4,,,,,,,,
17615,20101803,credit,Под залог автомобиля,Под залог автомобиля,https://www.banki.ru/products/credits/credit/201018/,https://cdn.banki.ru/cdn/bank/327_mobile_logo_url.png,05.06.2026 11:19,327,3271,bank,ВТБ,https://cdn.banki.ru/cdn/bank/327_mobile_logo_url.png,1000,www.vtb.ru,8 800 200-77-99,"190000, г. Санкт-Петербург, ул. Большая Морская, д. 29",vtb,RUB,https://www.banki.ru/products/credits/credit/201018/,21.0,33.8,"21–33,8%",,,100001,40000000,100 001–40 000 000 ₽,183,1825,6m,5y,4,,,,,,,,
17085,480103,credit,На любые цели,На любые цели,https://www.banki.ru/products/credits/credit/4801/,https://cdn.banki.ru/cdn/bank/6055_mobile_logo_url.png,05.06.2026 11:59,6055,60551,bank,МТС Банк,https://cdn.banki.ru/cdn/bank/6055_mobile_logo_url.png,2268,www.mtsbank.ru,8 800 250-05-20,"115432, г. Москва, просп. Андропова, д. 18, корп. 1",mts-bank,RUB,https://www.banki.ru/products/credits/credit/4801/,10.9,39.9,"10,9–39,9%",,,20000,5000000,20 000–5 000 000 ₽,365,1825,1y,5y,4,,,,,,,,
17629,20103203,credit,Под залог автомобиля,Под залог автомобиля,https://www.banki.ru/products/credits/credit/201032/,https://cdn.banki.ru/cdn/bank/6055_mobile_logo_url.png,02.06.2026 15:35,6055,60551,bank,МТС Банк,https://cdn.banki.ru/cdn/bank/6055_mobile_logo_url.png,2268,www.mtsbank.ru,8 800 250-05-20,"115432, г. Москва, просп. Андропова, д. 18, корп. 1",mts-bank,RUB,https://www.banki.ru/products/credits/credit/201032/,11.9,31.9,"11,9–31,9%",,,20000,5000000,20 000–5 000 000 ₽,365,1825,1y,5y,4,,,,,,,,
19410,501403,credit,Под залог недвижимости,Под залог недвижимости,https://www.banki.ru/products/credits/credit/5014/,https://cdn.banki.ru/cdn/bank/6055_mobile_logo_url.png,02.06.2026 16:38,6055,60551,bank,МТС Банк,https://cdn.banki.ru/cdn/bank/6055_mobile_logo_url.png,2268,www.mtsbank.ru,8 800 250-05-20,"115432, г. Москва, просп. Андропова, д. 18, корп. 1",mts-bank,RUB,https://www.banki.ru/products/credits/credit/5014/,18.5,24.9,"18,5–24,9%",,,500000,10000000,500 000–10 000 000 ₽,365,5475,1y,15y,4,,,,,,,,
16893,362003,credit,Наличными,Наличными,https://www.banki.ru/products/credits/credit/3620/,https://cdn.banki.ru/cdn/bank/17266_mobile_logo_url.png,05.06.2026 12:05,17266,172661,bank,Ренессанс Банк,https://cdn.banki.ru/cdn/bank/17266_mobile_logo_url.png,3354,www.rencredit.ru,8 (495) 981-09-81,"115114, г. Москва, ул. Кожевническая, д. 14",rencredit,RUB,https://www.banki.ru/products/credits/credit/3620/,9.9,72.9,"9,9–72,9%",,,30000,2000000,30 000–2 000 000 ₽,730,2555,2y,7y,4,,,,,,,,
16818,280303,credit,На любые цели ,На любые цели ,https://www.banki.ru/products/credits/credit/2803/,https://cdn.banki.ru/cdn/card-designs/PSB_4_a53f377467.png,05.06.2026 12:04,5306,53061,bank,ПСБ,https://cdn.banki.ru/cdn/card-designs/PSB_4_a53f377467.png,3251,www.psbank.ru,8 800 333-03-03,"150003, г. Ярославль, ул. Республиканская, д. 16",promsvyazbank,RUB,https://www.banki.ru/products/credits/credit/2803/,26.9,36.9,"26,9–36,9%",,,100000,5000000,100 000–5 000 000 ₽,365,1825,1y,5y,4,,,,,,,,
17023,455103,credit,Для работников ОПК и военнослужащих,Для работников ОПК и военнослужащих,https://www.banki.ru/products/credits/credit/4551/,https://cdn.banki.ru/cdn/card-designs/PSB_4_a53f377467.png,01.06.2026 17:34,5306,53061,bank,ПСБ,https://cdn.banki.ru/cdn/card-designs/PSB_4_a53f377467.png,3251,www.psbank.ru,8 800 333-03-03,"150003, г. Ярославль, ул. Республиканская, д. 16",promsvyazbank,RUB,https://www.banki.ru/products/credits/credit/4551/,22.9,36.9,"22,9–36,9%",,,100000,10000000,100 000–10 000 000 ₽,365,3650,1y,10y,4,,,,,,,,
18848,20113503,credit,Наличными (для новых клиентов),Наличными (для новых клиентов),https://www.banki.ru/products/credits/credit/201135/,https://cdn.banki.ru/cdn/bank/325_mobile_logo_url.png,05.06.2026 11:18,325,3251,bank,Альфа-Банк,https://cdn.banki.ru/cdn/bank/325_mobile_logo_url.png,1326,www.alfabank.ru,8 800 200-00-00,"107078, г. Москва, ул. Каланчевская, д. 27",alfabank,RUB,https://www.banki.ru/products/credits/credit/201135/,18.99,53.99,"18,99–53,99%",,,30000,7500000,30 000–7 500 000 ₽,365,1825,5y,5y,4,,,,,,,,
20284,21118603,credit,Наличными (без визита в банк),Наличными (без визита в банк),https://www.banki.ru/products/credits/credit/211186/,https://cdn.banki.ru/cdn/bank/325_mobile_logo_url.png,05.06.2026 11:18,325,3251,bank,Альфа-Банк,https://cdn.banki.ru/cdn/bank/325_mobile_logo_url.png,1326,www.alfabank.ru,8 800 200-00-00,"107078, г. Москва, ул. Каланчевская, д. 27",alfabank,RUB,https://www.banki.ru/products/credits/credit/211186/,18.99,53.99,"18,99–53,99%",,,30000,7500000,30 000–7 500 000 ₽,365,1825,5y,5y,4,,,,,,,,
20360,20116403,credit,На любые цели под залог недвижимости,На любые цели под залог недвижимости,https://www.banki.ru/products/credits/credit/201164/,https://cdn.banki.ru/cdn/bank/325_mobile_logo_url.png,05.06.2026 11:16,325,3251,bank,Альфа-Банк,https://cdn.banki.ru/cdn/bank/325_mobile_logo_url.png,1326,www.alfabank.ru,8 800 200-00-00,"107078, г. Москва, ул. Каланчевская, д. 27",alfabank,RUB,https://www.banki.ru/products/credits/credit/201164/,17.4,27.9,"17,4–27,9%",,,500000,30000000,500 000–30 000 000 ₽,365,5475,1y,15y,4,,,,,,,,
16744,21603,credit,На неотложные нужды,На неотложные нужды,https://www.banki.ru/products/credits/credit/216/,https://cdn.banki.ru/cdn/bank/192701_mobile_logo_url.png,05.06.2026 12:02,192701,1927011,bank,Банк «Пойдём!»,https://cdn.banki.ru/cdn/bank/192701_mobile_logo_url.png,2534,www.poidem.ru,8 800 200-12-30,"127015, г. Москва, ул. Бутырская, д. 76, стр. 1",poidem,RUB,https://www.banki.ru/products/credits/credit/216/,38.9,38.9,"38,9%",,,100000,300000,100 000–300 000 ₽,549,1464,18m,48m,4,,,,,,,,
20418,21118803,credit,Да!,Да!,https://www.banki.ru/products/credits/credit/211188/,https://cdn.banki.ru/cdn/bank/192701_mobile_logo_url.png,01.06.2026 18:52,192701,1927011,bank,Банк «Пойдём!»,https://cdn.banki.ru/cdn/bank/192701_mobile_logo_url.png,2534,www.poidem.ru,8 800 200-12-30,"127015, г. Москва, ул. Бутырская, д. 76, стр. 1",poidem,RUB,https://www.banki.ru/products/credits/credit/211188/,52.9,52.9,"52,9%",,,50000,99999,50 000–99 999 ₽,396,1095,13m,3y,4,,,,,,,,
16740,14403,credit,Стандартный ,Стандартный ,https://www.banki.ru/products/credits/credit/144/,https://cdn.banki.ru/cdn/bank/63520_mobile_logo_url.png,05.06.2026 11:31,63520,635201,bank,Уралсиб,https://cdn.banki.ru/cdn/bank/63520_mobile_logo_url.png,30,www.uralsib.ru,8 800 250-57-57,"119048, г. Москва, ул. Ефремова, д. 8",uralsib,RUB,https://www.banki.ru/products/credits/credit/144/,7.0,51.0,7–51%,,,30000,2000000,30 000–2 000 000 ₽,397,2555,13m,7y,4,,,,,,,,
19380,438703,credit,Под залог недвижимости,Под залог недвижимости,https://www.banki.ru/products/credits/credit/4387/,https://cdn.banki.ru/cdn/bank/63520_mobile_logo_url.png,04.06.2026 17:50,63520,635201,bank,Уралсиб,https://cdn.banki.ru/cdn/bank/63520_mobile_logo_url.png,30,www.uralsib.ru,8 800 250-57-57,"119048, г. Москва, ул. Ефремова, д. 8",uralsib,RUB,https://www.banki.ru/products/credits/credit/4387/,21.0,23.0,21–23%,,,1500000,20000000,1 500 000–20 000 000 ₽,365,5475,1y,15y,4,,,,,,,,
17168,506303,credit,Наличными,Наличными,https://www.banki.ru/products/credits/credit/5063/,https://cdn.banki.ru/cdn/card-designs/ATB_6c3ba5efa1.png,05.06.2026 11:48,192833,1928331,bank,Азиатско-Тихоокеанский банк (АТБ),https://cdn.banki.ru/cdn/card-designs/ATB_6c3ba5efa1.png,1810,www.atb.su,8 800 775-88-88,"675000, Амурская обл., г. Благовещенск, ул. Амурская, д. 225",atb,RUB,https://www.banki.ru/products/credits/credit/5063/,18.5,38.5,"18,5–38,5%",,,30000,5000000,30 000–5 000 000 ₽,366,2555,12m,7y,4,,,,,,,,
19449,524303,credit,Под залог квартиры,Под залог квартиры,https://www.banki.ru/products/credits/credit/5243/,https://cdn.banki.ru/cdn/bank/11948217_mobile_logo_url.png,05.06.2026 17:33,11948217,119482171,bank,Credit.Club,https://cdn.banki.ru/cdn/bank/11948217_mobile_logo_url.png,—,credit.club,8 800-775-80-09,"г. Екатеринбург, ул. Малышева, 51
",creditclub,RUB,https://www.banki.ru/products/credits/credit/5243/,16.9,26.9,"16,9–26,9%",,,300000,15000000,300 000–15 000 000 ₽,365,7300,1y,20y,4,,,,,,,,
17089,481803,credit,На благоустройство для жителей села,На благоустройство для жителей села,https://www.banki.ru/products/credits/credit/4818/,https://cdn.banki.ru/cdn/bank/4725_mobile_logo_url.png,29.05.2026 17:45,4725,47251,bank,Россельхозбанк,https://cdn.banki.ru/cdn/bank/4725_mobile_logo_url.png,3349,www.rshb.ru,8 800 100-01-00,"119034, г. Москва, Гагаринский пер., д. 3",rshb,RUB,https://www.banki.ru/products/credits/credit/4818/,3.25,33.0,"3,25–33%",,,30000,700000,30 000–700 000 ₽,396,1825,1m1y,5y,4,,,,,,,,
16742,20503,credit,Со сниженным платежом,Со сниженным платежом,https://www.banki.ru/products/credits/credit/205/,https://cdn.banki.ru/cdn/bank/4725_mobile_logo_url.png,29.05.2026 17:46,4725,47251,bank,Россельхозбанк,https://cdn.banki.ru/cdn/bank/4725_mobile_logo_url.png,3349,www.rshb.ru,8 800 100-01-00,"119034, г. Москва, Гагаринский пер., д. 3",rshb,RUB,https://www.banki.ru/products/credits/credit/205/,24.1,36.1,"24,1–36,1%",,,30000,5000000,30 000–5 000 000 ₽,183,1825,6m,5y,4,,,,,,,,
17066,471103,credit,Газомоторное топливо,Газомоторное топливо,https://www.banki.ru/products/credits/credit/4711/,https://cdn.banki.ru/cdn/bank/4725_mobile_logo_url.png,29.05.2026 17:45,4725,47251,bank,Россельхозбанк,https://cdn.banki.ru/cdn/bank/4725_mobile_logo_url.png,3349,www.rshb.ru,8 800 100-01-00,"119034, г. Москва, Гагаринский пер., д. 3",rshb,RUB,https://www.banki.ru/products/credits/credit/4711/,27.9,33.4,"27,9–33,4%",,,30000,300000,30 000–300 000 ₽,397,1095,13m,3y,4,,,,,,,,
17036,459503,credit,На любые цели,На любые цели,https://www.banki.ru/products/credits/credit/4595/,https://cdn.banki.ru/cdn/bank/5348_mobile_logo_url.png,04.06.2026 17:15,5348,53481,bank,Инго Банк,https://cdn.banki.ru/cdn/bank/5348_mobile_logo_url.png,2307,www.ingobank.ru,8 800 100-33-22,"127030, г. Москва, ул. Сущевская, д. 27, стр. 1",ingobank,RUB,https://www.banki.ru/products/credits/credit/4595/,11.7,45.0,"11,7–45%",,,50000,3000000,50 000–3 000 000 ₽,365,2555,1y,7y,4,,,,,,,,
19813,20115303,credit,Под залог недвижимости,Под залог недвижимости,https://www.banki.ru/products/credits/credit/201153/,https://cdn.banki.ru/cdn/bank/5348_mobile_logo_url.png,04.06.2026 17:20,5348,53481,bank,Инго Банк,https://cdn.banki.ru/cdn/bank/5348_mobile_logo_url.png,2307,www.ingobank.ru,8 800 100-33-22,"127030, г. Москва, ул. Сущевская, д. 27, стр. 1",ingobank,RUB,https://www.banki.ru/products/credits/credit/201153/,23.5,25.0,"23,5–25%",,,500000,7000000,500 000–7 000 000 ₽,365,5475,1y,15y,4,,,,,,,,
16886,356203,credit,Наличными,Наличными,https://www.banki.ru/products/credits/credit/3562/,https://cdn.banki.ru/cdn/bank/2237_mobile_logo_url.png,01.06.2026 16:56,2237,22371,bank,Банк ДОМ.РФ,https://cdn.banki.ru/cdn/bank/2237_mobile_logo_url.png,2312,domrfbank.ru,8 800 775-86-86 ,"125009, г. Москва, ул. Воздвиженка, д. 10",domrfbank,RUB,https://www.banki.ru/products/credits/credit/3562/,14.7,38.4,"14,7–38,4%",,,100000,10000000,100 000–10 000 000 ₽,730,2555,2y,7y,4,,,,,,,,
19722,20114903,credit,Под залог квартиры,Под залог квартиры,https://www.banki.ru/products/credits/credit/201149/,https://cdn.banki.ru/cdn/bank/2237_mobile_logo_url.png,01.06.2026 17:29,2237,22371,bank,Банк ДОМ.РФ,https://cdn.banki.ru/cdn/bank/2237_mobile_logo_url.png,2312,domrfbank.ru,8 800 775-86-86 ,"125009, г. Москва, ул. Воздвиженка, д. 10",domrfbank,RUB,https://www.banki.ru/products/credits/credit/201149/,27.0,28.0,27–28%,,,500000,30000000,500 000–30 000 000 ₽,1095,10950,3y,30y,4,,,,,,,,
16919,385303,credit,Топ-менеджер,Топ-менеджер,https://www.banki.ru/products/credits/credit/3853/,,03.06.2026 17:49,195603,1956031,bank,Крона-Банк,,2499,www.krona-bank.ru,+7 (3952) 25-25-05,"664007, г. Иркутск, ул. Дзержинского, д. 29",krona-bank,RUB,https://www.banki.ru/products/credits/credit/3853/,19.5,21.5,"19,5–21,5%",,,500000,5000000,500 000–5 000 000 ₽,92,1825,1m3y,5y,4,,,,,,,,
16824,285803,credit,Стандарт,Стандарт,https://www.banki.ru/products/credits/credit/2858/,,03.06.2026 17:31,195603,1956031,bank,Крона-Банк,,2499,www.krona-bank.ru,+7 (3952) 25-25-05,"664007, г. Иркутск, ул. Дзержинского, д. 29",krona-bank,RUB,https://www.banki.ru/products/credits/credit/2858/,20.5,22.0,"20,5–22%",,,50000,1500000,50 000–1 500 000 ₽,92,1825,1m3y,5y,4,,,,,,,,
17034,459003,credit,Пенсионный,Пенсионный,https://www.banki.ru/products/credits/credit/4590/,,03.06.2026 17:39,195603,1956031,bank,Крона-Банк,,2499,www.krona-bank.ru,+7 (3952) 25-25-05,"664007, г. Иркутск, ул. Дзержинского, д. 29",krona-bank,RUB,https://www.banki.ru/products/credits/credit/4590/,21.0,22.0,21–22%,,,30000,500000,30 000–500 000 ₽,365,730,1m1y,2y,4,,,,,,,,
16825,286003,credit,Доверительный,Доверительный,https://www.banki.ru/products/credits/credit/2860/,,03.06.2026 17:49,195603,1956031,bank,Крона-Банк,,2499,www.krona-bank.ru,+7 (3952) 25-25-05,"664007, г. Иркутск, ул. Дзержинского, д. 29",krona-bank,RUB,https://www.banki.ru/products/credits/credit/2860/,22.0,23.5,"22–23,5%",,,30000,500000,30 000–500 000 ₽,92,1095,2y,3y,4,,,,,,,,
17201,511903,credit,Акционный (с обеспечением),Акционный (с обеспечением),https://www.banki.ru/products/credits/credit/5119/,https://cdn.banki.ru/cdn/bank/191203_mobile_logo_url.png,01.06.2026 15:54,191203,1912031,bank,Примсоцбанк,https://cdn.banki.ru/cdn/bank/191203_mobile_logo_url.png,2733,www.pskb.com,8 800 350-42-02,"690106, Приморский край, г. Владивосток, Партизанский пр-т, д. 44",primsotsbank,RUB,https://www.banki.ru/products/credits/credit/5119/,20.4,30.4,"20,4–30,4%",,,100000,5000000,100 000–5 000 000 ₽,1460,1825,4y,5y,4,,,,,,,,
19861,21115803,credit,Рациональный (с обеспечением),Рациональный (с обеспечением),https://www.banki.ru/products/credits/credit/211158/,https://cdn.banki.ru/cdn/bank/191203_mobile_logo_url.png,01.06.2026 14:35,191203,1912031,bank,Примсоцбанк,https://cdn.banki.ru/cdn/bank/191203_mobile_logo_url.png,2733,www.pskb.com,8 800 350-42-02,"690106, Приморский край, г. Владивосток, Партизанский пр-т, д. 44",primsotsbank,RUB,https://www.banki.ru/products/credits/credit/211158/,20.4,30.4,"20,4–30,4%",,,100000,5000000,100 000–5 000 000 ₽,730,1825,2y,5y,4,,,,,,,,
17172,507103,credit,Акционный,Акционный,https://www.banki.ru/products/credits/credit/5071/,https://cdn.banki.ru/cdn/bank/191203_mobile_logo_url.png,01.06.2026 15:58,191203,1912031,bank,Примсоцбанк,https://cdn.banki.ru/cdn/bank/191203_mobile_logo_url.png,2733,www.pskb.com,8 800 350-42-02,"690106, Приморский край, г. Владивосток, Партизанский пр-т, д. 44",primsotsbank,RUB,https://www.banki.ru/products/credits/credit/5071/,20.4,30.4,"20,4–30,4%",,,100000,2000000,100 000–2 000 000 ₽,1825,1825,5y,5y,4,,,,,,,,
19860,21115703,credit,Рациональный,Рациональный,https://www.banki.ru/products/credits/credit/211157/,https://cdn.banki.ru/cdn/bank/191203_mobile_logo_url.png,01.06.2026 14:35,191203,1912031,bank,Примсоцбанк,https://cdn.banki.ru/cdn/bank/191203_mobile_logo_url.png,2733,www.pskb.com,8 800 350-42-02,"690106, Приморский край, г. Владивосток, Партизанский пр-т, д. 44",primsotsbank,RUB,https://www.banki.ru/products/credits/credit/211157/,20.4,30.4,"20,4–30,4%",,,100000,2000000,100 000–2 000 000 ₽,730,1825,2y,5y,4,,,,,,,,
19419,505103,credit,Под залог недвижимости,Под залог недвижимости,https://www.banki.ru/products/credits/credit/5051/,https://cdn.banki.ru/cdn/bank/191203_mobile_logo_url.png,01.06.2026 16:12,191203,1912031,bank,Примсоцбанк,https://cdn.banki.ru/cdn/bank/191203_mobile_logo_url.png,2733,www.pskb.com,8 800 350-42-02,"690106, Приморский край, г. Владивосток, Партизанский пр-т, д. 44",primsotsbank,RUB,https://www.banki.ru/products/credits/credit/5051/,20.6,21.6,"20,6–21,6%",,,500000,50000000,500 000–50 000 000 ₽,365,9125,1y,25y,4,,,,,,,,
17039,460003,credit,Для пенсионеров (с обеспечением),Для пенсионеров (с обеспечением),https://www.banki.ru/products/credits/credit/4600/,https://cdn.banki.ru/cdn/bank/191203_mobile_logo_url.png,01.06.2026 15:05,191203,1912031,bank,Примсоцбанк,https://cdn.banki.ru/cdn/bank/191203_mobile_logo_url.png,2733,www.pskb.com,8 800 350-42-02,"690106, Приморский край, г. Владивосток, Партизанский пр-т, д. 44",primsotsbank,RUB,https://www.banki.ru/products/credits/credit/4600/,24.4,24.4,"24,4%",,,30000,7000000,30 000–7 000 000 ₽,183,1825,6m,5y,4,,,,,,,,
17038,459903,credit,Для пенсионеров,Для пенсионеров,https://www.banki.ru/products/credits/credit/4599/,https://cdn.banki.ru/cdn/bank/191203_mobile_logo_url.png,01.06.2026 15:04,191203,1912031,bank,Примсоцбанк,https://cdn.banki.ru/cdn/bank/191203_mobile_logo_url.png,2733,www.pskb.com,8 800 350-42-02,"690106, Приморский край, г. Владивосток, Партизанский пр-т, д. 44",primsotsbank,RUB,https://www.banki.ru/products/credits/credit/4599/,24.4,24.4,"24,4%",,,30000,2000000,30 000–2 000 000 ₽,183,1825,6m,5y,4,,,,,,,,
19866,21116003,credit,Базовый (с обеспечением) ,Базовый (с обеспечением) ,https://www.banki.ru/products/credits/credit/211160/,https://cdn.banki.ru/cdn/bank/191203_mobile_logo_url.png,01.06.2026 14:29,191203,1912031,bank,Примсоцбанк,https://cdn.banki.ru/cdn/bank/191203_mobile_logo_url.png,2733,www.pskb.com,8 800 350-42-02,"690106, Приморский край, г. Владивосток, Партизанский пр-т, д. 44",primsotsbank,RUB,https://www.banki.ru/products/credits/credit/211160/,28.0,28.0,28%,,,100000,7000000,100 000–7 000 000 ₽,1460,1825,4y,5y,4,,,,,,,,
19864,21115903,credit,Базовый,Базовый,https://www.banki.ru/products/credits/credit/211159/,https://cdn.banki.ru/cdn/bank/191203_mobile_logo_url.png,01.06.2026 15:58,191203,1912031,bank,Примсоцбанк,https://cdn.banki.ru/cdn/bank/191203_mobile_logo_url.png,2733,www.pskb.com,8 800 350-42-02,"690106, Приморский край, г. Владивосток, Партизанский пр-т, д. 44",primsotsbank,RUB,https://www.banki.ru/products/credits/credit/211159/,28.0,28.0,28%,,,100000,2000000,100 000–2 000 000 ₽,1460,1825,4y,5y,4,,,,,,,,
16750,51703,credit,Оптимальный (с обеспечением),Оптимальный (с обеспечением),https://www.banki.ru/products/credits/credit/517/,https://cdn.banki.ru/cdn/bank/191203_mobile_logo_url.png,01.06.2026 14:47,191203,1912031,bank,Примсоцбанк,https://cdn.banki.ru/cdn/bank/191203_mobile_logo_url.png,2733,www.pskb.com,8 800 350-42-02,"690106, Приморский край, г. Владивосток, Партизанский пр-т, д. 44",primsotsbank,RUB,https://www.banki.ru/products/credits/credit/517/,29.9,29.9,"29,9%",,,30000,7000000,30 000–7 000 000 ₽,397,1825,13m,5y,4,,,,,,,,
16749,51603,credit,Оптимальный,Оптимальный,https://www.banki.ru/products/credits/credit/516/,https://cdn.banki.ru/cdn/bank/191203_mobile_logo_url.png,03.06.2026 12:05,191203,1912031,bank,Примсоцбанк,https://cdn.banki.ru/cdn/bank/191203_mobile_logo_url.png,2733,www.pskb.com,8 800 350-42-02,"690106, Приморский край, г. Владивосток, Партизанский пр-т, д. 44",primsotsbank,RUB,https://www.banki.ru/products/credits/credit/516/,27.9,29.9,"27,9–29,9%",,,30000,2000000,30 000–2 000 000 ₽,397,1825,13m,5y,4,,,,,,,,
17082,477703,credit,Экспресс–кредит,Экспресс–кредит,https://www.banki.ru/products/credits/credit/4777/,https://cdn.banki.ru/cdn/bank/191203_mobile_logo_url.png,01.06.2026 14:49,191203,1912031,bank,Примсоцбанк,https://cdn.banki.ru/cdn/bank/191203_mobile_logo_url.png,2733,www.pskb.com,8 800 350-42-02,"690106, Приморский край, г. Владивосток, Партизанский пр-т, д. 44",primsotsbank,RUB,https://www.banki.ru/products/credits/credit/4777/,34.0,34.0,34%,,,10000,100000,10 000–100 000 ₽,30,730,1m,2y,4,,,,,,,,
19340,304103,credit,Под залог недвижимого имущества,Под залог недвижимого имущества,https://www.banki.ru/products/credits/credit/3041/,https://cdn.banki.ru/cdn/bank/12092_mobile_logo_url.png,04.06.2026 18:31,12092,120921,bank,ББР Банк,https://cdn.banki.ru/cdn/bank/12092_mobile_logo_url.png,2929,www.bbr.ru,8 800 220-40-00,"121099, Москва, 1-й Николощеповский пер., 6, стр. 1",bbrbank,RUB,https://www.banki.ru/products/credits/credit/3041/,20.5,21.7,"20,5–21,7%",,,1000000,30000000,1 000 000–30 000 000 ₽,1095,3650,3y,10y,4,,,,,,,,
16911,377803,credit,Под залог движимого имущества,Под залог движимого имущества,https://www.banki.ru/products/credits/credit/3778/,https://cdn.banki.ru/cdn/bank/12092_mobile_logo_url.png,04.06.2026 18:26,12092,120921,bank,ББР Банк,https://cdn.banki.ru/cdn/bank/12092_mobile_logo_url.png,2929,www.bbr.ru,8 800 220-40-00,"121099, Москва, 1-й Николощеповский пер., 6, стр. 1",bbrbank,RUB,https://www.banki.ru/products/credits/credit/3778/,21.5,22.4,"21,5–22,4%",,,450000,6000000,450 000–6 000 000 ₽,730,1825,2y,5y,4,,,,,,,,
19357,377603,credit,На любые цели под залог недвижимости,На любые цели под залог недвижимости,https://www.banki.ru/products/credits/credit/3776/,https://cdn.banki.ru/cdn/bank/2764_mobile_logo_url.png,02.06.2026 16:36,2764,27641,bank,Газпромбанк,https://cdn.banki.ru/cdn/bank/2764_mobile_logo_url.png,354,www.gazprombank.ru,8 800 300-60-90,"117420, г. Москва, ул. Наметкина, д. 16, корп. 1.",gazprombank,RUB,https://www.banki.ru/products/credits/credit/3776/,20.6,28.6,"20,6–28,6%",,,500000,30000000,500 000–30 000 000 ₽,1460,7300,4y,20y,4,,,,,,,,
17030,457803,credit,Наличными,Наличными,https://www.banki.ru/products/credits/credit/4578/,https://cdn.banki.ru/cdn/bank/2764_mobile_logo_url.png,02.06.2026 16:35,2764,27641,bank,Газпромбанк,https://cdn.banki.ru/cdn/bank/2764_mobile_logo_url.png,354,www.gazprombank.ru,8 800 300-60-90,"117420, г. Москва, ул. Наметкина, д. 16, корп. 1.",gazprombank,RUB,https://www.banki.ru/products/credits/credit/4578/,24.9,40.4,"24,9–40,4%",,,50000,7000000,50 000–7 000 000 ₽,397,1825,13m,5y,4,,,,,,,,
17132,499403,credit,Универсальный,Универсальный,https://www.banki.ru/products/credits/credit/4994/,https://cdn.banki.ru/cdn/bank/2764_mobile_logo_url.png,02.06.2026 16:32,2764,27641,bank,Газпромбанк,https://cdn.banki.ru/cdn/bank/2764_mobile_logo_url.png,354,www.gazprombank.ru,8 800 300-60-90,"117420, г. Москва, ул. Наметкина, д. 16, корп. 1.",gazprombank,RUB,https://www.banki.ru/products/credits/credit/4994/,27.9,29.9,"27,9–29,9%",,,500000,7000000,500 000–7 000 000 ₽,397,1825,13m,5y,4,,,,,,,,
20232,21118403,credit,Простой,Простой,https://www.banki.ru/products/credits/credit/211184/,https://cdn.banki.ru/cdn/bank/189223_mobile_logo_url.png,02.06.2026 19:06,189223,1892231,bank,Братский АНКБ,https://cdn.banki.ru/cdn/bank/189223_mobile_logo_url.png,1144,www.ankb.ru,+7 (3953) 41-63-64,"665717, Иркутская обл., г. Братск, ул. Комсомольская, д. 43",ankb,RUB,https://www.banki.ru/products/credits/credit/211184/,21.0,29.0,21–29%,,,10000,15000000,10 000–15 000 000 ₽,30,1825,1m,5y,4,,,,,,,,
17143,501003,credit,Акционный,Акционный,https://www.banki.ru/products/credits/credit/5010/,https://cdn.banki.ru/cdn/bank/189187_mobile_logo_url.png,01.06.2026 17:40,189187,1891871,bank,Солид Банк,https://cdn.banki.ru/cdn/bank/189187_mobile_logo_url.png,1329,www.solidbank.ru,8 800 775-56-06,"690091, г. Владивосток, ул. Алеутская, д. 33",solid-bank,RUB,https://www.banki.ru/products/credits/credit/5010/,21.9,33.9,"21,9–33,9%",,,50000,1500000,50 000–1 500 000 ₽,366,1825,19m,5y,4,,,,,,,,
16958,414303,credit,Пенсионный,Пенсионный,https://www.banki.ru/products/credits/credit/4143/,https://cdn.banki.ru/cdn/bank/189187_mobile_logo_url.png,01.06.2026 17:42,189187,1891871,bank,Солид Банк,https://cdn.banki.ru/cdn/bank/189187_mobile_logo_url.png,1329,www.solidbank.ru,8 800 775-56-06,"690091, г. Владивосток, ул. Алеутская, д. 33",solid-bank,RUB,https://www.banki.ru/products/credits/credit/4143/,24.4,36.4,"24,4–36,4%",,,30000,500000,30 000–500 000 ₽,365,1825,1y,5y,4,,,,,,,,
17340,20074103,credit,Для сотрудников других банков (с обеспечением),Для сотрудников других банков (с обеспечением),https://www.banki.ru/products/credits/credit/200741/,https://cdn.banki.ru/cdn/bank/189187_mobile_logo_url.png,01.06.2026 17:42,189187,1891871,bank,Солид Банк,https://cdn.banki.ru/cdn/bank/189187_mobile_logo_url.png,1329,www.solidbank.ru,8 800 775-56-06,"690091, г. Владивосток, ул. Алеутская, д. 33",solid-bank,RUB,https://www.banki.ru/products/credits/credit/200741/,25.9,35.9,"25,9–35,9%",,,50000,10000000,50 000–10 000 000 ₽,365,2555,1m5y,7y,4,,,,,,,,
17339,20074003,credit,Для сотрудников других банков,Для сотрудников других банков,https://www.banki.ru/products/credits/credit/200740/,https://cdn.banki.ru/cdn/bank/189187_mobile_logo_url.png,01.06.2026 17:42,189187,1891871,bank,Солид Банк,https://cdn.banki.ru/cdn/bank/189187_mobile_logo_url.png,1329,www.solidbank.ru,8 800 775-56-06,"690091, г. Владивосток, ул. Алеутская, д. 33",solid-bank,RUB,https://www.banki.ru/products/credits/credit/200740/,25.9,35.9,"25,9–35,9%",,,50000,1000000,50 000–1 000 000 ₽,365,1825,1y,5y,4,,,,,,,,
16835,315003,credit,Отличное решение (с обеспечением),Отличное решение (с обеспечением),https://www.banki.ru/products/credits/credit/3150/,https://cdn.banki.ru/cdn/bank/189187_mobile_logo_url.png,01.06.2026 17:38,189187,1891871,bank,Солид Банк,https://cdn.banki.ru/cdn/bank/189187_mobile_logo_url.png,1329,www.solidbank.ru,8 800 775-56-06,"690091, г. Владивосток, ул. Алеутская, д. 33",solid-bank,RUB,https://www.banki.ru/products/credits/credit/3150/,28.9,35.9,"28,9–35,9%",,,1000001,3000000,1 000 001–3 000 000 ₽,365,1825,1y,5y,4,,,,,,,,
16834,314903,credit,Отличное решение,Отличное решение,https://www.banki.ru/products/credits/credit/3149/,https://cdn.banki.ru/cdn/bank/189187_mobile_logo_url.png,01.06.2026 17:38,189187,1891871,bank,Солид Банк,https://cdn.banki.ru/cdn/bank/189187_mobile_logo_url.png,1329,www.solidbank.ru,8 800 775-56-06,"690091, г. Владивосток, ул. Алеутская, д. 33",solid-bank,RUB,https://www.banki.ru/products/credits/credit/3149/,28.9,37.9,"28,9–37,9%",,,50000,1000000,50 000–1 000 000 ₽,365,1825,1y,5y,4,,,,,,,,
17043,461403,credit,Пенсионный,Пенсионный,https://www.banki.ru/products/credits/credit/4614/,,03.06.2026 15:22,194350,1943501,bank,Байкалкредобанк,,2990,www.baikalcredobank.ru,+7 (3952) 24-16-02,"664025, г. Иркутск ул. Ленина, д. 18",baikalcredobank,RUB,https://www.banki.ru/products/credits/credit/4614/,22.0,22.0,22%,,,300000,500000,300 000–500 000 ₽,365,1825,1y,5y,4,,,,,,,,
16776,133403,credit,Байкальский,Байкальский,https://www.banki.ru/products/credits/credit/1334/,,03.06.2026 15:17,194350,1943501,bank,Байкалкредобанк,,2990,www.baikalcredobank.ru,+7 (3952) 24-16-02,"664025, г. Иркутск ул. Ленина, д. 18",baikalcredobank,RUB,https://www.banki.ru/products/credits/credit/1334/,25.0,25.0,25%,,,300000,1000000,300 000–1 000 000 ₽,365,1825,1y,5y,4,,,,,,,,
19430,514003,credit,Под залог недвижимости,Под залог недвижимости,https://www.banki.ru/products/credits/credit/5140/,https://cdn.banki.ru/cdn/bank/191082_mobile_logo_url.png,05.06.2026 12:44,191082,1910821,bank,Банк «Приморье»,https://cdn.banki.ru/cdn/bank/191082_mobile_logo_url.png,3001,www.primbank.ru,8 800 200-20-86,"690091, Приморский край, г. Владивосток, ул. Светланская, д. 47",primorye,RUB,https://www.banki.ru/products/credits/credit/5140/,24.0,27.5,"24–27,5%",,,500000,30000000,500 000–30 000 000 ₽,397,5475,13m,15y,4,,,,,,,,
17216,514103,credit,Под залог авто,Под залог авто,https://www.banki.ru/products/credits/credit/5141/,https://cdn.banki.ru/cdn/bank/191082_mobile_logo_url.png,05.06.2026 12:33,191082,1910821,bank,Банк «Приморье»,https://cdn.banki.ru/cdn/bank/191082_mobile_logo_url.png,3001,www.primbank.ru,8 800 200-20-86,"690091, Приморский край, г. Владивосток, ул. Светланская, д. 47",primorye,RUB,https://www.banki.ru/products/credits/credit/5141/,24.5,28.0,"24,5–28%",,,500000,7000000,500 000–7 000 000 ₽,397,1825,13m,5y,4,,,,,,,,
17045,461803,credit,Наличными,Наличными,https://www.banki.ru/products/credits/credit/4618/,https://cdn.banki.ru/cdn/bank/191082_mobile_logo_url.png,05.06.2026 12:41,191082,1910821,bank,Банк «Приморье»,https://cdn.banki.ru/cdn/bank/191082_mobile_logo_url.png,3001,www.primbank.ru,8 800 200-20-86,"690091, Приморский край, г. Владивосток, ул. Светланская, д. 47",primorye,RUB,https://www.banki.ru/products/credits/credit/4618/,29.0,32.5,"29–32,5%",,,300000,2000000,300 000–2 000 000 ₽,396,1825,13m,5y,4,,,,,,,,
16868,345903,credit,Наличными — Акция,Наличными — Акция,https://www.banki.ru/products/credits/credit/3459/,https://cdn.banki.ru/cdn/bank/192841_mobile_logo_url.png,03.06.2026 13:42,192841,1928411,bank,Энергобанк,https://cdn.banki.ru/cdn/bank/192841_mobile_logo_url.png,67,www.energobank.ru,8 800-350-54-58,"420111, г. Казань, ул. Пушкина, д. 13/52",energobank,RUB,https://www.banki.ru/products/credits/credit/3459/,24.5,31.0,"24,5–31%",,,100000,2500000,100 000–2 500 000 ₽,397,2555,13m,7y,4,,,,,,,,
