bank_id,bank_name,bank_logo,bank_licence,product_name,product_url,rate_min,rate_max,amount_from,amount_to,period_from,period_to,currency,efficient_rate,is_special_offer,is_online_opening_possible,is_partial_withdrawal_possible,is_replenishment_possible,action_title,action_percent,action_link,capitalization,early_termination_method,rates_min,rates_max
191928,БыстроБанк,https://static3.banki.ru/ugc/97/76/bf/84/191928.svg,1745,Выгодный–Банки.ру,https://www.banki.ru/products/deposits/deposit/25510/,15.0,15.0,150000,,181,181.0,RUB,15.0,False,True,False,False,,,,нет,по ставке до востребования,15.0,15.0
193364,КАМКОМБАНК,https://static3.banki.ru/ugc/9f/7f/b6/9c/193364.svg,438,Онлайн,https://www.banki.ru/products/deposits/deposit/25700/,15.0,15.0,100000,10000000.0,91,91.0,RUB,15.0,True,True,False,False,Бонус от суммы вклада за оформление онлайн на Банки.ру,1.5,https://www.banki.ru/specials/deposits/bonus_k_stavke/,нет,по ставке до востребования,15.0,15.0
193364,КАМКОМБАНК,https://static3.banki.ru/ugc/9f/7f/b6/9c/193364.svg,438,Онлайн,https://www.banki.ru/products/deposits/deposit/24460/,15.25,15.25,100000,10000000.0,186,186.0,RUB,15.25,False,True,False,False,,,,нет,по ставке до востребования,15.25,15.25
193364,КАМКОМБАНК,https://static3.banki.ru/ugc/9f/7f/b6/9c/193364.svg,438,Онлайн,https://www.banki.ru/products/deposits/deposit/25701/,13.5,13.5,100000,10000000.0,280,280.0,RUB,13.5,False,True,False,False,,,,нет,по ставке до востребования,13.5,13.5
193364,КАМКОМБАНК,https://static3.banki.ru/ugc/9f/7f/b6/9c/193364.svg,438,Онлайн,https://www.banki.ru/products/deposits/deposit/25702/,13.0,13.0,100000,10000000.0,367,367.0,RUB,13.0,False,True,False,False,,,,нет,по ставке до востребования,13.0,13.0
193364,КАМКОМБАНК,https://static3.banki.ru/ugc/9f/7f/b6/9c/193364.svg,438,Жара,https://www.banki.ru/products/deposits/deposit/24011/,15.25,15.25,100000,,186,186.0,RUB,15.25,False,False,False,False,,,,нет,по ставке до востребования,13.5,15.25
190178,Свой Банк,https://static2.banki.ru/ugc/1f/68/d9/18/190178.svg,3223,Свой вклад с Банки.ру,https://www.banki.ru/products/deposits/deposit/25294/,15.04,15.04,30000,30000000.0,91,91.0,RUB,15.23,True,True,False,False,Бонус от суммы вклада за оформление онлайн на Банки.ру,1.5,https://www.banki.ru/specials/deposits/bonus_k_stavke/,есть,по ставке до востребования,15.23,15.23
190178,Свой Банк,https://static2.banki.ru/ugc/1f/68/d9/18/190178.svg,3223,Свой вклад с Банки.ру,https://www.banki.ru/products/deposits/deposit/25818/,14.87,14.87,30000,30000000.0,121,121.0,RUB,15.15,False,True,False,False,,,,есть,по ставке до востребования,15.15,15.15
190178,Свой Банк,https://static2.banki.ru/ugc/1f/68/d9/18/190178.svg,3223,Свой вклад с Банки.ру,https://www.banki.ru/products/deposits/deposit/24800/,14.08,14.08,30000,30000000.0,181,181.0,RUB,14.5,False,True,False,False,,,,есть,по ставке до востребования,14.5,14.5
190178,Свой Банк,https://static2.banki.ru/ugc/1f/68/d9/18/190178.svg,3223,Свой вклад с Банки.ру,https://www.banki.ru/products/deposits/deposit/24801/,9.57,9.57,30000,30000000.0,367,367.0,RUB,10.0,False,True,False,False,,,,есть,по ставке до востребования,10.0,10.0
191203,Примсоцбанк,https://static2.banki.ru/ugc/19/ea/d2/f5/191203.svg,2733,Спринт Маркетплейс,https://www.banki.ru/products/deposits/deposit/25234/,13.0,13.0,100000,50000000.0,91,91.0,RUB,13.0,True,True,False,False,Бонус от суммы вклада за оформление онлайн на Банки.ру,1.5,https://www.banki.ru/specials/deposits/bonus_k_stavke/,нет,по ставке до востребования,13.0,13.0
2764,Газпромбанк,https://static3.banki.ru/ugc/e5/d7/0f/89/2764.svg,354,Ключевой момент,https://www.banki.ru/products/deposits/deposit/25682/,18.5,18.5,500000,15000000.0,1095,1095.0,RUB,18.5,False,True,False,False,,,,нет,по ставке до востребования,15.8,18.5
2764,Газпромбанк,https://static3.banki.ru/ugc/e5/d7/0f/89/2764.svg,354,Новые деньги,https://www.banki.ru/products/deposits/deposit/24560/,15.5,15.5,15000,10000000.0,91,91.0,RUB,15.5,True,True,False,False,,,,нет,по ставке до востребования,8.8,15.5
2764,Газпромбанк,https://static3.banki.ru/ugc/e5/d7/0f/89/2764.svg,354,Накопительный счет,https://www.banki.ru/products/deposits/deposit/19029/,16.3,16.3,5000,1500000.0,1,61.0,RUB,16.3,True,True,True,True,,,,по выбору клиента,на льготных условиях,0.01,16.3
2764,Газпромбанк,https://static3.banki.ru/ugc/e5/d7/0f/89/2764.svg,354,Копить онлайн (в конце срока),https://www.banki.ru/products/deposits/deposit/22483/,15.3,15.3,15000,,91,91.0,RUB,15.3,True,True,False,False,,,,нет,по ставке до востребования,8.8,15.3
2764,Газпромбанк,https://static3.banki.ru/ugc/e5/d7/0f/89/2764.svg,354,В плюсе (в конце срока),https://www.banki.ru/products/deposits/deposit/24638/,15.5,15.5,15000,,91,91.0,RUB,15.5,True,True,False,False,,,,нет,по ставке до востребования,8.8,15.5
2764,Газпромбанк,https://static3.banki.ru/ugc/e5/d7/0f/89/2764.svg,354,Ежедневный процент,https://www.banki.ru/products/deposits/deposit/23243/,15.0,15.0,1,,30,61.0,RUB,15.0,True,True,True,True,,,,по выбору клиента,на льготных условиях,10.5,15.0
2764,Газпромбанк,https://static3.banki.ru/ugc/e5/d7/0f/89/2764.svg,354,В плюсе (ежемесячно),https://www.banki.ru/products/deposits/deposit/24312/,14.8,14.8,15000,,31,31.0,RUB,14.8,True,True,False,False,,,,по выбору клиента,по ставке до востребования,8.46,14.8
2764,Газпромбанк,https://static3.banki.ru/ugc/e5/d7/0f/89/2764.svg,354,Простой доход,https://www.banki.ru/products/deposits/deposit/25836/,14.0,14.0,1,,30,,RUB,14.0,False,True,True,True,,,,по выбору клиента,на льготных условиях,14.0,14.0
2764,Газпромбанк,https://static3.banki.ru/ugc/e5/d7/0f/89/2764.svg,354,Копить онлайн (ежемесячно),https://www.banki.ru/products/deposits/deposit/24241/,14.8,14.8,15000,,31,31.0,RUB,14.8,True,True,False,False,,,,по выбору клиента,по ставке до востребования,8.45,14.8
9183,Локо-Банк,https://static2.banki.ru/ugc/f9/0d/a2/a4/9183.png,2707,Локо-Вклад. Банки.ру,https://www.banki.ru/products/deposits/deposit/25816/,15.2,15.2,300000,30000000.0,122,122.0,RUB,15.2,False,True,False,False,,,,нет,по ставке до востребования,15.2,15.2
9183,Локо-Банк,https://static2.banki.ru/ugc/f9/0d/a2/a4/9183.png,2707,Локо-Вклад. Банки.ру,https://www.banki.ru/products/deposits/deposit/24585/,14.8,14.8,300000,30000000.0,182,182.0,RUB,14.8,False,True,False,False,,,,нет,по ставке до востребования,14.8,14.8
9183,Локо-Банк,https://static2.banki.ru/ugc/f9/0d/a2/a4/9183.png,2707,Локо-Вклад. Банки.ру,https://www.banki.ru/products/deposits/deposit/25029/,11.5,11.5,300000,30000000.0,370,370.0,RUB,11.5,False,True,False,False,,,,нет,по ставке до востребования,11.5,11.5
9183,Локо-Банк,https://static2.banki.ru/ugc/f9/0d/a2/a4/9183.png,2707,Локо-Вклад. Банки.ру,https://www.banki.ru/products/deposits/deposit/25817/,15.0,15.0,300000,30000000.0,150,150.0,RUB,15.0,False,True,False,False,,,,нет,по ставке до востребования,15.0,15.0
9183,Локо-Банк,https://static2.banki.ru/ugc/f9/0d/a2/a4/9183.png,2707,Локо-Вклад. Банки.ру,https://www.banki.ru/products/deposits/deposit/25856/,14.0,14.0,300000,30000000.0,95,95.0,RUB,14.0,False,True,False,False,Бонус от суммы вклада за оформление онлайн на Банки.ру,1.5,https://www.banki.ru/specials/deposits/bonus_k_stavke/,нет,по ставке до востребования,14.0,14.0
327,ВТБ,https://static3.banki.ru/ugc/46/dd/97/e5/327.svg,1000,ВТБ-Счет (на минимальный остаток),https://www.banki.ru/products/deposits/deposit/24356/,16.0,16.0,1000,1000000.0,1,91.0,RUB,16.0,True,True,True,True,,,,по выбору клиента,на льготных условиях,7.5,16.0
327,ВТБ,https://static3.banki.ru/ugc/46/dd/97/e5/327.svg,1000,ВТБ-Вклад (без опций с выплатой % в конце срока),https://www.banki.ru/products/deposits/deposit/24675/,16.0,16.0,10000,,61,61.0,RUB,16.0,True,True,False,False,,,,нет,по ставке до востребования,7.4,16.0
327,ВТБ,https://static3.banki.ru/ugc/46/dd/97/e5/327.svg,1000,ВТБ-Счет (на ежедневный остаток),https://www.banki.ru/products/deposits/deposit/24891/,15.0,15.0,1000,1000000.0,1,91.0,RUB,15.0,True,True,True,True,,,,по выбору клиента,на льготных условиях,6.5,15.0
327,ВТБ,https://static3.banki.ru/ugc/46/dd/97/e5/327.svg,1000,ВТБ-Вклад (с пополнением),https://www.banki.ru/products/deposits/deposit/24676/,13.7,13.7,15000000,300000000.0,61,61.0,RUB,13.78,False,True,False,True,,,,по выбору клиента,по ставке до востребования,1.8,13.78
327,ВТБ,https://static3.banki.ru/ugc/46/dd/97/e5/327.svg,1000,ВТБ-Вклад (с пополнением и снятием),https://www.banki.ru/products/deposits/deposit/24677/,13.55,13.55,15000000,300000000.0,61,61.0,RUB,13.63,False,True,True,True,,,,по выбору клиента,по ставке до востребования,1.74,13.63
327,ВТБ,https://static3.banki.ru/ugc/46/dd/97/e5/327.svg,1000,ВТБ-Вклад (без опций с выплатой % ежемесячно),https://www.banki.ru/products/deposits/deposit/24678/,15.7,15.7,15000000,,61,61.0,RUB,15.8,True,True,False,False,,,,по выбору клиента,по ставке до востребования,6.91,15.8
6055,МТС Банк,https://static4.banki.ru/ugc/7f/af/89/78/6055.svg,2268,МТС Вклад плюс,https://www.banki.ru/products/deposits/deposit/23178/,15.85,15.85,10000,,91,91.0,RUB,16.06,True,True,False,False,,,,по выбору клиента,по ставке до востребования,11.01,16.06
6055,МТС Банк,https://static4.banki.ru/ugc/7f/af/89/78/6055.svg,2268,МТС Вклад плюс (с пополнением и снятием),https://www.banki.ru/products/deposits/deposit/23866/,12.38,12.38,100000,1500000.0,91,91.0,RUB,12.51,False,True,True,True,,,,по выбору клиента,по ставке до востребования,4.16,12.51
6055,МТС Банк,https://static4.banki.ru/ugc/7f/af/89/78/6055.svg,2268,МТС Вклад плюс (с пополнением),https://www.banki.ru/products/deposits/deposit/23865/,12.2,12.2,10000000,500000000.0,91,91.0,RUB,12.32,False,True,False,True,,,,по выбору клиента,по ставке до востребования,4.37,12.32
2237,Банк ДОМ.РФ,https://static3.banki.ru/ugc/09/61/83/70/2237.svg,2312,ДОМа надежно,https://www.banki.ru/products/deposits/deposit/24561/,14.9,14.9,10000,1499999.0,91,91.0,RUB,14.9,True,True,False,False,Бонус от суммы вклада за оформление онлайн на Банки.ру,1.5,https://www.banki.ru/specials/deposits/bonus_k_stavke/,нет,по ставке до востребования,14.9,14.9
2237,Банк ДОМ.РФ,https://static3.banki.ru/ugc/09/61/83/70/2237.svg,2312,ДОМа надежно,https://www.banki.ru/products/deposits/deposit/25580/,15.1,15.1,1500000,15000000.0,91,91.0,RUB,15.1,True,True,False,False,Бонус от суммы вклада за оформление онлайн на Банки.ру,1.5,https://www.banki.ru/specials/deposits/bonus_k_stavke/,нет,по ставке до востребования,15.1,15.1
2237,Банк ДОМ.РФ,https://static3.banki.ru/ugc/09/61/83/70/2237.svg,2312,ДОМа надежно,https://www.banki.ru/products/deposits/deposit/24376/,14.4,14.4,10000,1499999.0,181,181.0,RUB,14.4,False,True,False,False,,,,нет,по ставке до востребования,14.4,14.4
2237,Банк ДОМ.РФ,https://static3.banki.ru/ugc/09/61/83/70/2237.svg,2312,ДОМа надежно,https://www.banki.ru/products/deposits/deposit/25581/,14.6,14.6,1500000,15000000.0,181,181.0,RUB,14.6,False,True,False,False,,,,нет,по ставке до востребования,14.6,14.6
2237,Банк ДОМ.РФ,https://static3.banki.ru/ugc/09/61/83/70/2237.svg,2312,ДОМа надежно,https://www.banki.ru/products/deposits/deposit/25080/,11.8,11.8,10000,1499999.0,31,31.0,RUB,11.8,False,True,False,False,,,,нет,по ставке до востребования,11.8,11.8
2237,Банк ДОМ.РФ,https://static3.banki.ru/ugc/09/61/83/70/2237.svg,2312,ДОМа надежно,https://www.banki.ru/products/deposits/deposit/25579/,12.0,12.0,1500000,15000000.0,31,31.0,RUB,12.0,False,True,False,False,,,,нет,по ставке до востребования,12.0,12.0
2237,Банк ДОМ.РФ,https://static3.banki.ru/ugc/09/61/83/70/2237.svg,2312,ДОМа надежно,https://www.banki.ru/products/deposits/deposit/24562/,12.5,12.5,10000,1499999.0,367,367.0,RUB,12.5,False,True,False,False,,,,нет,по ставке до востребования,12.5,12.5
2237,Банк ДОМ.РФ,https://static3.banki.ru/ugc/09/61/83/70/2237.svg,2312,ДОМа надежно,https://www.banki.ru/products/deposits/deposit/25582/,12.7,12.7,1500000,15000000.0,367,367.0,RUB,12.7,False,True,False,False,,,,нет,по ставке до востребования,12.7,12.7
2237,Банк ДОМ.РФ,https://static3.banki.ru/ugc/09/61/83/70/2237.svg,2312,Накопительный счет,https://www.banki.ru/products/deposits/deposit/23873/,15.6,15.6,1,,1,61.0,RUB,15.6,False,True,True,True,,,,по выбору клиента,на льготных условиях,4.0,15.6
41643,Кредит Европа Банк,https://static2.banki.ru/ugc/57/75/7c/57/41643.svg,3311,Оптимальный,https://www.banki.ru/products/deposits/deposit/24417/,14.0,14.0,100000,,91,91.0,RUB,14.0,True,False,False,False,,,,нет,на льготных условиях,12.0,14.0
7292,Московский кредитный банк (МКБ),https://static4.banki.ru/ugc/c3/65/85/21/7292.svg,1978,МКБ. Перспектива,https://www.banki.ru/products/deposits/deposit/25414/,15.4,15.4,10000,3000000.0,95,95.0,RUB,15.4,True,True,False,False,Бонус от суммы вклада за оформление онлайн на Банки.ру,1.5,https://www.banki.ru/specials/deposits/bonus_k_stavke/,нет,по ставке до востребования,15.4,15.4
7292,Московский кредитный банк (МКБ),https://static4.banki.ru/ugc/c3/65/85/21/7292.svg,1978,МКБ. Перспектива,https://www.banki.ru/products/deposits/deposit/25416/,14.6,14.6,10000,3000000.0,370,370.0,RUB,14.6,False,True,False,False,,,,нет,по ставке до востребования,14.6,14.6
7292,Московский кредитный банк (МКБ),https://static4.banki.ru/ugc/c3/65/85/21/7292.svg,1978,МКБ. Перспектива,https://www.banki.ru/products/deposits/deposit/25415/,15.1,15.1,10000,3000000.0,185,185.0,RUB,15.1,False,True,False,False,,,,нет,по ставке до востребования,15.1,15.1
7292,Московский кредитный банк (МКБ),https://static4.banki.ru/ugc/c3/65/85/21/7292.svg,1978,МКБ. Перспектива,https://www.banki.ru/products/deposits/deposit/25417/,13.5,13.5,10000,3000000.0,540,540.0,RUB,13.5,False,True,False,False,,,,нет,по ставке до востребования,13.5,13.5
7292,Московский кредитный банк (МКБ),https://static4.banki.ru/ugc/c3/65/85/21/7292.svg,1978,МКБ. Перспектива,https://www.banki.ru/products/deposits/deposit/25418/,13.4,13.4,10000,3000000.0,730,730.0,RUB,13.4,False,True,False,False,,,,нет,по ставке до востребования,13.4,13.4
7292,Московский кредитный банк (МКБ),https://static4.banki.ru/ugc/c3/65/85/21/7292.svg,1978,МКБ. Перспектива,https://www.banki.ru/products/deposits/deposit/25419/,13.0,13.0,10000,3000000.0,1100,1100.0,RUB,13.0,False,True,False,False,,,,нет,по ставке до востребования,13.0,13.0
7292,Московский кредитный банк (МКБ),https://static4.banki.ru/ugc/c3/65/85/21/7292.svg,1978,МКБ. Праздничный,https://www.banki.ru/products/deposits/deposit/25877/,16.0,16.0,10000,5000000.0,125,125.0,RUB,16.0,False,True,False,False,,,,нет,по ставке до востребования,13.0,16.0
7292,Московский кредитный банк (МКБ),https://static4.banki.ru/ugc/c3/65/85/21/7292.svg,1978,МКБ. Пополняемый (в конце срока),https://www.banki.ru/products/deposits/deposit/25801/,14.1,14.1,50000,1000000.0,95,95.0,RUB,14.1,False,True,False,True,,,,нет,по ставке до востребования,11.3,14.1
7292,Московский кредитный банк (МКБ),https://static4.banki.ru/ugc/c3/65/85/21/7292.svg,1978,МКБ. Пополняемый (ежемесячно),https://www.banki.ru/products/deposits/deposit/25802/,13.9,13.9,50000,1000000.0,95,95.0,RUB,14.07,False,True,False,True,,,,по выбору клиента,по ставке до востребования,11.03,14.07
7292,Московский кредитный банк (МКБ),https://static4.banki.ru/ugc/c3/65/85/21/7292.svg,1978,МКБ. Гранд (в конце срока),https://www.banki.ru/products/deposits/deposit/18795/,13.2,13.2,10000,3000000.0,95,95.0,RUB,13.2,False,False,False,False,,,,нет,по ставке до востребования,10.1,13.2
7292,Московский кредитный банк (МКБ),https://static4.banki.ru/ugc/c3/65/85/21/7292.svg,1978,МКБ. Перспектива (ежемесячно),https://www.banki.ru/products/deposits/deposit/23916/,13.0,13.0,10000,3000000.0,95,95.0,RUB,13.0,False,True,False,False,,,,нет,по ставке до востребования,9.0,13.0
7292,Московский кредитный банк (МКБ),https://static4.banki.ru/ugc/c3/65/85/21/7292.svg,1978,МКБ. Гранд (ежемесячно),https://www.banki.ru/products/deposits/deposit/25166/,12.0,12.0,10000,3000000.0,95,95.0,RUB,12.0,False,False,False,False,,,,нет,по ставке до востребования,8.1,12.0
7292,Московский кредитный банк (МКБ),https://static4.banki.ru/ugc/c3/65/85/21/7292.svg,1978,Накопительный счет,https://www.banki.ru/products/deposits/deposit/19081/,3.5,3.5,1,,30,,RUB,3.5,False,True,True,True,,,,по выбору клиента,на льготных условиях,3.5,3.5
196704,Банк НООСФЕРА,https://static3.banki.ru/ugc/89/61/da/f7/196704.svg,2650,Стратегия успеха_367,https://www.banki.ru/products/deposits/deposit/25872/,14.2,14.2,50000,,367,367.0,RUB,14.2,False,True,False,False,,,,нет,по ставке до востребования,14.2,14.2
196704,Банк НООСФЕРА,https://static3.banki.ru/ugc/89/61/da/f7/196704.svg,2650,Стратегия успеха_181,https://www.banki.ru/products/deposits/deposit/25870/,14.75,14.75,50000,,181,181.0,RUB,14.75,False,True,False,False,,,,нет,по ставке до востребования,14.75,14.75
196704,Банк НООСФЕРА,https://static3.banki.ru/ugc/89/61/da/f7/196704.svg,2650,На все 100,https://www.banki.ru/products/deposits/deposit/25649/,13.5,13.5,50000,,100,100.0,RUB,13.5,False,True,False,False,,,,нет,по ставке до востребования,13.5,13.5
196704,Банк НООСФЕРА,https://static3.banki.ru/ugc/89/61/da/f7/196704.svg,2650,Стратегия успеха_271,https://www.banki.ru/products/deposits/deposit/25871/,13.0,13.0,50000,,271,271.0,RUB,13.0,False,True,False,False,,,,нет,по ставке до востребования,13.0,13.0
196704,Банк НООСФЕРА,https://static3.banki.ru/ugc/89/61/da/f7/196704.svg,2650,Стратегия успеха_540,https://www.banki.ru/products/deposits/deposit/25873/,12.0,12.0,50000,,540,540.0,RUB,12.0,False,True,False,False,,,,нет,по ставке до востребования,12.0,12.0
196704,Банк НООСФЕРА,https://static3.banki.ru/ugc/89/61/da/f7/196704.svg,2650,Стратегия успеха_730,https://www.banki.ru/products/deposits/deposit/25874/,11.5,11.5,50000,,730,730.0,RUB,11.5,False,True,False,False,,,,нет,по ставке до востребования,11.5,11.5
196704,Банк НООСФЕРА,https://static3.banki.ru/ugc/89/61/da/f7/196704.svg,2650,Стратегия успеха_1100,https://www.banki.ru/products/deposits/deposit/25875/,10.0,10.0,50000,,1100,1100.0,RUB,10.0,False,True,False,False,,,,нет,по ставке до востребования,10.0,10.0
37473,СДМ-Банк,https://static2.banki.ru/ugc/51/f7/b1/2b/37473.svg,1637,Новое знакомство,https://www.banki.ru/products/deposits/deposit/25752/,14.9,14.9,100000,1499999.0,91,91.0,RUB,14.9,True,True,False,False,Бонус от суммы вклада за оформление онлайн на Банки.ру,1.5,https://www.banki.ru/specials/deposits/bonus_k_stavke/,нет,на льготных условиях,14.9,14.9
37473,СДМ-Банк,https://static2.banki.ru/ugc/51/f7/b1/2b/37473.svg,1637,Новое знакомство,https://www.banki.ru/products/deposits/deposit/25492/,14.1,14.1,100000,1499999.0,181,181.0,RUB,14.1,False,True,False,False,,,,нет,на льготных условиях,14.1,14.1
37473,СДМ-Банк,https://static2.banki.ru/ugc/51/f7/b1/2b/37473.svg,1637,Новое знакомство,https://www.banki.ru/products/deposits/deposit/25753/,14.9,14.9,1500000,2999999.0,91,91.0,RUB,14.9,False,True,False,False,,,,нет,на льготных условиях,14.9,14.9
37473,СДМ-Банк,https://static2.banki.ru/ugc/51/f7/b1/2b/37473.svg,1637,Новое знакомство,https://www.banki.ru/products/deposits/deposit/25754/,14.9,14.9,3000000,100000000.0,91,91.0,RUB,14.9,False,True,False,False,,,,нет,на льготных условиях,14.9,14.9
37473,СДМ-Банк,https://static2.banki.ru/ugc/51/f7/b1/2b/37473.svg,1637,Новое знакомство,https://www.banki.ru/products/deposits/deposit/25491/,14.1,14.1,1500000,2999999.0,181,181.0,RUB,14.1,False,True,False,False,,,,нет,на льготных условиях,14.1,14.1
37473,СДМ-Банк,https://static2.banki.ru/ugc/51/f7/b1/2b/37473.svg,1637,Новое знакомство,https://www.banki.ru/products/deposits/deposit/25508/,14.1,14.1,3000000,100000000.0,181,181.0,RUB,14.1,False,True,False,False,,,,нет,на льготных условиях,14.1,14.1
37473,СДМ-Банк,https://static2.banki.ru/ugc/51/f7/b1/2b/37473.svg,1637,Новое знакомство,https://www.banki.ru/products/deposits/deposit/25489/,12.6,12.6,100000,1499999.0,367,367.0,RUB,12.6,False,True,False,False,,,,нет,на льготных условиях,12.6,12.6
11518,Банк ТКБ,https://static4.banki.ru/ugc/5b/a2/58/f0/11518.svg,2210,ТКБ. Потенциальный доход_91,https://www.banki.ru/products/deposits/deposit/24809/,14.5,14.5,100000,3000000.0,91,91.0,RUB,14.5,True,True,False,False,Бонус от суммы вклада за оформление онлайн на Банки.ру,1.5,https://www.banki.ru/specials/deposits/bonus_k_stavke/,нет,по ставке до востребования,14.5,14.5
11518,Банк ТКБ,https://static4.banki.ru/ugc/5b/a2/58/f0/11518.svg,2210,ТКБ. Потенциальный доход_181,https://www.banki.ru/products/deposits/deposit/24774/,13.8,13.8,100000,3000000.0,181,181.0,RUB,13.8,False,True,False,False,,,,нет,по ставке до востребования,13.8,13.8
11518,Банк ТКБ,https://static4.banki.ru/ugc/5b/a2/58/f0/11518.svg,2210,ТКБ. Потенциальный доход_367,https://www.banki.ru/products/deposits/deposit/24810/,13.15,13.15,100000,3000000.0,367,367.0,RUB,13.15,False,True,False,False,,,,нет,по ставке до востребования,13.15,13.15
96003,Банк Синара,https://static3.banki.ru/ugc/05/8e/2a/ce/96003.svg,705,Моя прелесть,https://www.banki.ru/products/deposits/deposit/24214/,10.0,10.0,10000,3000000.0,90,90.0,RUB,10.0,False,True,False,False,,,,нет,по ставке до востребования,10.0,10.0
96003,Банк Синара,https://static3.banki.ru/ugc/05/8e/2a/ce/96003.svg,705,Моя прелесть,https://www.banki.ru/products/deposits/deposit/24920/,10.0,10.0,10000,3000000.0,180,180.0,RUB,10.0,False,True,False,False,,,,нет,по ставке до востребования,10.0,10.0
96003,Банк Синара,https://static3.banki.ru/ugc/05/8e/2a/ce/96003.svg,705,Моя прелесть,https://www.banki.ru/products/deposits/deposit/24921/,9.5,9.5,10000,3000000.0,367,367.0,RUB,9.5,False,True,False,False,,,,нет,по ставке до востребования,9.5,9.5
12374,НС Банк,https://static4.banki.ru/ugc/42/80/36/1d/12374.svg,3124,Выгодный союз,https://www.banki.ru/products/deposits/deposit/24799/,15.15,15.15,50000,3000000.0,90,90.0,RUB,15.15,False,True,False,False,,,,нет,по ставке до востребования,15.15,15.15
12374,НС Банк,https://static4.banki.ru/ugc/42/80/36/1d/12374.svg,3124,Выгодный союз,https://www.banki.ru/products/deposits/deposit/25060/,14.4,14.4,50000,3000000.0,150,150.0,RUB,14.4,False,True,False,False,,,,нет,по ставке до востребования,14.4,14.4
76555,МОРСКОЙ БАНК,https://static2.banki.ru/ugc/4c/f7/29/0e/76555.svg,77,Летний (Банки.ру),https://www.banki.ru/products/deposits/deposit/25595/,14.0,14.0,100000,5000000.0,91,91.0,RUB,14.0,False,True,False,False,,,,нет,по ставке до востребования,14.0,14.0
76555,МОРСКОЙ БАНК,https://static2.banki.ru/ugc/4c/f7/29/0e/76555.svg,77,Летний (Банки.ру),https://www.banki.ru/products/deposits/deposit/25596/,13.0,13.0,100000,5000000.0,181,181.0,RUB,13.0,False,True,False,False,,,,нет,по ставке до востребования,13.0,13.0
76555,МОРСКОЙ БАНК,https://static2.banki.ru/ugc/4c/f7/29/0e/76555.svg,77,Летний (Банки.ру),https://www.banki.ru/products/deposits/deposit/25597/,12.0,12.0,100000,5000000.0,367,367.0,RUB,12.0,False,True,False,False,,,,нет,по ставке до востребования,12.0,12.0
193407,Энерготрансбанк,https:,1307,Доход плюс Банки.ру,https://www.banki.ru/products/deposits/deposit/25236/,10.0,10.0,50000,,91,91.0,RUB,10.0,True,True,False,False,Бонус от суммы вклада за оформление онлайн на Банки.ру,1.5,https://www.banki.ru/specials/deposits/bonus_k_stavke/,нет,по ставке до востребования,10.0,10.0
195706,Т-Банк,https://static2.banki.ru/ugc/e9/35/db/f0/195706.svg,2673,СмартВклад с повышенной ставкой,https://www.banki.ru/products/deposits/deposit/14907/,15.0,15.0,50000,,30,30.0,RUB,15.0,False,True,True,True,,,,по выбору клиента,по ставке до востребования,13.35,15.09
195706,Т-Банк,https://static2.banki.ru/ugc/e9/35/db/f0/195706.svg,2673,СмартВклад со стандартной ставкой,https://www.banki.ru/products/deposits/deposit/1701/,14.0,14.0,50000,,61,61.0,RUB,14.08,False,True,True,True,,,,по выбору клиента,по ставке до востребования,8.59,14.08
76620,Совкомбанк,https://static4.banki.ru/ugc/fa/77/10/4d/76620.svg,963,Онлайн–копилка,https://www.banki.ru/products/deposits/deposit/22702/,17.0,17.0,1,1500000.0,1,91.0,RUB,17.0,False,True,True,True,,,,есть,на льготных условиях,11.0,17.0
76620,Совкомбанк,https://static4.banki.ru/ugc/fa/77/10/4d/76620.svg,963,Золотая осень,https://www.banki.ru/products/deposits/deposit/25762/,15.5,15.5,50000,,90,90.0,RUB,15.5,False,True,False,True,,,,нет,по ставке до востребования,12.0,15.5
76620,Совкомбанк,https://static4.banki.ru/ugc/fa/77/10/4d/76620.svg,963,Регулярные %%,https://www.banki.ru/products/deposits/deposit/25544/,14.5,14.5,50000,,90,90.0,RUB,14.5,False,True,False,True,,,,нет,по ставке до востребования,6.1,14.5
76620,Совкомбанк,https://static4.banki.ru/ugc/fa/77/10/4d/76620.svg,963,Гибкий,https://www.banki.ru/products/deposits/deposit/25472/,13.5,13.5,10000,,61,61.0,RUB,13.5,False,True,True,True,,,,нет,по ставке до востребования,11.0,13.5
11752949,Ozon Банк,https://static2.banki.ru/ugc/a8/7e/27/c5/11752949.svg,3542,Накопительный счёт,https://www.banki.ru/products/deposits/deposit/23837/,17.0,17.0,1,,30,61.0,RUB,17.0,False,True,True,True,,,,по выбору клиента,на льготных условиях,12.0,17.0
11752949,Ozon Банк,https://static2.banki.ru/ugc/a8/7e/27/c5/11752949.svg,3542,Срочный,https://www.banki.ru/products/deposits/deposit/24384/,15.31,15.31,10000,,91,91.0,RUB,15.51,False,True,False,False,,,,есть,по ставке до востребования,13.51,15.51
11752949,Ozon Банк,https://static2.banki.ru/ugc/a8/7e/27/c5/11752949.svg,3542,Ежедневный доход,https://www.banki.ru/products/deposits/deposit/25494/,13.5,13.5,1,,1,,RUB,13.5,False,True,True,True,,,,по выбору клиента,на льготных условиях,13.5,13.5
187472,Яндекс Банк,https://static3.banki.ru/ugc/15/14/a8/37/187472.svg,3027,Сейв,https://www.banki.ru/products/deposits/deposit/24672/,17.0,17.0,10000,10000000.0,14,14.0,RUB,17.0,False,True,False,True,,,,нет,по ставке до востребования,11.0,17.0
4374,Еврофинанс Моснарбанк,https:,2402,Классический,https://www.banki.ru/products/deposits/deposit/17972/,16.25,16.25,100000001,,91,91.0,RUB,16.25,False,False,False,False,,,,нет,по ставке до востребования,13.6,16.25
192890,Реалист Банк,https://static3.banki.ru/ugc/2a/02/be/28/192890.svg,1067,Копилка,https://www.banki.ru/products/deposits/deposit/22923/,16.0,16.0,1000,,30,,RUB,16.0,False,False,True,True,,,,по выбору клиента,на льготных условиях,16.0,16.0
9259,Абсолют Банк,https://static3.banki.ru/ugc/04/7c/2c/bd/9259.svg,2306,Абсолютный максимум+,https://www.banki.ru/products/deposits/deposit/22282/,16.0,16.0,10000,,91,91.0,RUB,16.0,False,True,False,False,,,,нет,на льготных условиях,9.5,16.0
9259,Абсолют Банк,https://static3.banki.ru/ugc/04/7c/2c/bd/9259.svg,2306,Абсолютный доход,https://www.banki.ru/products/deposits/deposit/19544/,15.55,15.55,10000,,91,91.0,RUB,15.75,False,True,False,True,,,,по выбору клиента,на льготных условиях,9.18,15.75
9259,Абсолют Банк,https://static3.banki.ru/ugc/04/7c/2c/bd/9259.svg,2306,Накопительный счёт ПЛЮС,https://www.banki.ru/products/deposits/deposit/24565/,15.5,15.5,500,1500000.0,30,61.0,RUB,15.5,False,True,True,True,,,,по выбору клиента,на льготных условиях,9.5,15.5
9259,Абсолют Банк,https://static3.banki.ru/ugc/04/7c/2c/bd/9259.svg,2306,Накопительный счёт,https://www.banki.ru/products/deposits/deposit/21569/,15.0,15.0,500,1500000.0,30,61.0,RUB,15.0,False,True,True,True,,,,по выбору клиента,на льготных условиях,8.0,15.0
9259,Абсолют Банк,https://static3.banki.ru/ugc/04/7c/2c/bd/9259.svg,2306,Пенсионный,https://www.banki.ru/products/deposits/deposit/16189/,14.25,14.25,10000,,91,91.0,RUB,14.42,False,True,True,True,,,,по выбору клиента,на льготных условиях,6.7,14.42
9259,Абсолют Банк,https://static3.banki.ru/ugc/04/7c/2c/bd/9259.svg,2306,Турбо,https://www.banki.ru/products/deposits/deposit/24024/,12.75,12.75,10000,,360,360.0,RUB,13.36,False,True,False,False,,,,по выбору клиента,на льготных условиях,13.36,13.36
322,Сбербанк,https://static4.banki.ru/ugc/30/46/f1/aa/322.svg,1481,Лучший % (в конце срока),https://www.banki.ru/products/deposits/deposit/24536/,16.0,16.0,100000,,122,122.0,RUB,16.0,False,True,False,False,,,,нет,по ставке до востребования,7.0,16.0
322,Сбербанк,https://static4.banki.ru/ugc/30/46/f1/aa/322.svg,1481,Лучший % (ежемесячно),https://www.banki.ru/products/deposits/deposit/23255/,15.55,15.55,100000,,122,122.0,RUB,15.55,False,True,False,False,,,,нет,по ставке до востребования,6.35,15.55
322,Сбербанк,https://static4.banki.ru/ugc/30/46/f1/aa/322.svg,1481,"СберВклад Молодёжный (без пополнения, в конце срока)",https://www.banki.ru/products/deposits/deposit/25777/,14.3,14.3,10000,,91,91.0,RUB,14.3,False,True,False,False,,,,нет,по ставке до востребования,6.8,14.3
322,Сбербанк,https://static4.banki.ru/ugc/30/46/f1/aa/322.svg,1481,"СберВклад Молодёжный (без пополнения, ежемесячно)",https://www.banki.ru/products/deposits/deposit/25778/,14.05,14.05,10000,,91,91.0,RUB,14.05,False,True,False,False,,,,нет,по ставке до востребования,6.15,14.05
322,Сбербанк,https://static4.banki.ru/ugc/30/46/f1/aa/322.svg,1481,"СберВклад (без пополнения, в конце срока)",https://www.banki.ru/products/deposits/deposit/25781/,13.5,13.5,1000000,,122,122.0,RUB,13.5,False,True,False,False,,,,нет,по ставке до востребования,5.8,13.5
322,Сбербанк,https://static4.banki.ru/ugc/30/46/f1/aa/322.svg,1481,"СберВклад (без пополнения, ежемесячно)",https://www.banki.ru/products/deposits/deposit/25782/,13.05,13.05,1000000,,122,122.0,RUB,13.05,False,True,False,False,,,,нет,по ставке до востребования,5.15,13.05
322,Сбербанк,https://static4.banki.ru/ugc/30/46/f1/aa/322.svg,1481,Накопилка,https://www.banki.ru/products/deposits/deposit/25699/,9.0,9.0,1,200000.0,30,30.0,RUB,9.0,False,True,True,True,,,,нет,по ставке до востребования,9.0,9.0
863,Банк ЗЕНИТ,https://static3.banki.ru/ugc/a8/d3/8b/03/863.svg,3255,Новый горизонт,https://www.banki.ru/products/deposits/deposit/22377/,16.0,16.0,1400001,5000000.0,30,91.0,RUB,16.0,False,True,True,True,,,,по выбору клиента,на льготных условиях,3.5,16.0
863,Банк ЗЕНИТ,https://static3.banki.ru/ugc/a8/d3/8b/03/863.svg,3255,Накопительный Онлайн,https://www.banki.ru/products/deposits/deposit/20885/,15.75,15.75,1,100000.0,30,,RUB,15.75,False,True,True,True,,,,по выбору клиента,на льготных условиях,3.5,15.75
863,Банк ЗЕНИТ,https://static3.banki.ru/ugc/a8/d3/8b/03/863.svg,3255,Выгодный сезон,https://www.banki.ru/products/deposits/deposit/25848/,15.6,15.6,50000,,61,61.0,RUB,15.6,False,True,False,False,,,,нет,по ставке до востребования,15.6,15.6
863,Банк ЗЕНИТ,https://static3.banki.ru/ugc/a8/d3/8b/03/863.svg,3255,Время возможностей,https://www.banki.ru/products/deposits/deposit/24714/,15.2,15.2,30000,,91,91.0,RUB,15.2,False,True,False,False,,,,нет,по ставке до востребования,13.4,15.2
863,Банк ЗЕНИТ,https://static3.banki.ru/ugc/a8/d3/8b/03/863.svg,3255,Новая выгода,https://www.banki.ru/products/deposits/deposit/25776/,15.2,15.2,30000,,91,91.0,RUB,15.2,False,True,False,False,,,,нет,по ставке до востребования,13.4,15.2
863,Банк ЗЕНИТ,https://static3.banki.ru/ugc/a8/d3/8b/03/863.svg,3255,Высокий доход,https://www.banki.ru/products/deposits/deposit/16049/,14.1,14.1,600000,,91,91.0,RUB,14.1,False,True,False,False,,,,нет,по ставке до востребования,7.85,14.1
863,Банк ЗЕНИТ,https://static3.banki.ru/ugc/a8/d3/8b/03/863.svg,3255,Пенсионный,https://www.banki.ru/products/deposits/deposit/20187/,9.75,9.75,1000,2000000.0,367,367.0,RUB,10.2,False,True,True,True,,,,по выбору клиента,по ставке до востребования,10.2,10.2
63520,Уралсиб,https://static3.banki.ru/ugc/bd/4b/42/dd/63520.svg,30,Стабильный,https://www.banki.ru/products/deposits/deposit/25858/,15.8,15.8,1000000,,91,91.0,RUB,15.8,False,True,False,False,,,,нет,по ставке до востребования,10.9,15.8
63520,Уралсиб,https://static3.banki.ru/ugc/bd/4b/42/dd/63520.svg,30,Ключевой Плюс,https://www.banki.ru/products/deposits/deposit/25691/,15.7,15.7,500000,1000000000.0,181,181.0,RUB,16.22,False,True,False,False,,,,по выбору клиента,по ставке до востребования,15.5,16.89
63520,Уралсиб,https://static3.banki.ru/ugc/bd/4b/42/dd/63520.svg,30,Доход (в конце срока),https://www.banki.ru/products/deposits/deposit/25584/,15.7,15.7,1000000,1000000000.0,91,91.0,RUB,15.7,False,True,False,False,,,,нет,по ставке до востребования,10.7,15.7
63520,Уралсиб,https://static3.banki.ru/ugc/bd/4b/42/dd/63520.svg,30,Доход Плюс,https://www.banki.ru/products/deposits/deposit/25690/,15.6,15.6,2000000,7000000.0,181,181.0,RUB,15.6,False,True,False,False,,,,нет,по ставке до востребования,15.6,15.6
63520,Уралсиб,https://static3.banki.ru/ugc/bd/4b/42/dd/63520.svg,30,Доход (ежемесячно),https://www.banki.ru/products/deposits/deposit/16118/,15.3,15.3,1000000,1000000000.0,91,91.0,RUB,15.5,False,True,False,False,,,,по выбору клиента,по ставке до востребования,10.5,15.5
63520,Уралсиб,https://static3.banki.ru/ugc/bd/4b/42/dd/63520.svg,30,Накопительный счет,https://www.banki.ru/products/deposits/deposit/22203/,13.0,13.0,1000000,,30,,RUB,13.0,False,True,True,True,,,,по выбору клиента,на льготных условиях,13.0,13.0
63520,Уралсиб,https://static3.banki.ru/ugc/bd/4b/42/dd/63520.svg,30,Уралсиб счет,https://www.banki.ru/products/deposits/deposit/24928/,10.0,10.0,1000000,2000000.0,30,,RUB,10.0,False,True,True,True,,,,по выбору клиента,на льготных условиях,10.0,10.0
325,Альфа-Банк,https://static4.banki.ru/ugc/75/c6/40/11/325.svg,1326,Альфа-Вклад Новые деньги,https://www.banki.ru/products/deposits/deposit/25178/,15.79,15.79,50000,,123,123.0,RUB,16.11,False,True,False,False,,,,по выбору клиента,по ставке до востребования,8.1,16.11
325,Альфа-Банк,https://static4.banki.ru/ugc/75/c6/40/11/325.svg,1326,Альфа-Вклад Пенсионный,https://www.banki.ru/products/deposits/deposit/24426/,15.69,15.69,10000,,123,123.0,RUB,16.01,False,False,False,False,,,,по выбору клиента,по ставке до востребования,7.4,16.01
325,Альфа-Банк,https://static4.banki.ru/ugc/75/c6/40/11/325.svg,1326,Альфа-Вклад. Максимальный,https://www.banki.ru/products/deposits/deposit/23535/,15.69,15.69,50000,,123,123.0,RUB,16.01,False,True,False,False,,,,по выбору клиента,по ставке до востребования,7.3,16.01
325,Альфа-Банк,https://static4.banki.ru/ugc/75/c6/40/11/325.svg,1326,Альфа-Вклад (без пополнения и снятия),https://www.banki.ru/products/deposits/deposit/23316/,15.21,15.21,10000,,123,123.0,RUB,15.51,False,True,False,False,,,,по выбору клиента,по ставке до востребования,7.0,15.51
325,Альфа-Банк,https://static4.banki.ru/ugc/75/c6/40/11/325.svg,1326,Альфа-Счёт (на минимальный остаток),https://www.banki.ru/products/deposits/deposit/18953/,15.0,15.0,1,1000000.0,30,61.0,RUB,15.0,False,True,True,True,,,,по выбору клиента,на льготных условиях,4.0,15.0
325,Альфа-Банк,https://static4.banki.ru/ugc/75/c6/40/11/325.svg,1326,Альфа-Счёт (на ежедневный остаток),https://www.banki.ru/products/deposits/deposit/24517/,14.5,14.5,1,1000000.0,30,61.0,RUB,14.5,False,True,True,True,,,,по выбору клиента,на льготных условиях,6.0,14.5
325,Альфа-Банк,https://static4.banki.ru/ugc/75/c6/40/11/325.svg,1326,Альфа-Вклад (с пополнением),https://www.banki.ru/products/deposits/deposit/20586/,14.13,14.13,300000,,92,92.0,RUB,14.3,False,True,False,True,,,,по выбору клиента,по ставке до востребования,8.3,14.3
325,Альфа-Банк,https://static4.banki.ru/ugc/75/c6/40/11/325.svg,1326,Альфа-Вклад (с пополнением и снятием),https://www.banki.ru/products/deposits/deposit/20587/,13.64,13.64,300000,,92,92.0,RUB,13.8,False,True,True,True,,,,по выбору клиента,по ставке до востребования,7.8,13.8
4725,Россельхозбанк,https://static4.banki.ru/ugc/28/27/34/72/4725.svg,3349,Свой вклад (в конце срока),https://www.banki.ru/products/deposits/deposit/24508/,15.6,15.6,5000,,60,60.0,RUB,15.6,False,True,False,False,,,,нет,по ставке до востребования,7.8,15.6
4725,Россельхозбанк,https://static4.banki.ru/ugc/28/27/34/72/4725.svg,3349,Свой вклад (ежемесячно),https://www.banki.ru/products/deposits/deposit/24509/,15.3,15.3,5000,,60,60.0,RUB,15.39,False,True,False,False,,,,по выбору клиента,по ставке до востребования,7.48,15.39
4725,Россельхозбанк,https://static4.banki.ru/ugc/28/27/34/72/4725.svg,3349,Мой счёт,https://www.banki.ru/products/deposits/deposit/19284/,15.0,15.0,100,3000000.0,30,91.0,RUB,15.0,False,True,True,True,,,,по выбору клиента,на льготных условиях,8.0,15.0
4725,Россельхозбанк,https://static4.banki.ru/ugc/28/27/34/72/4725.svg,3349,Доходный Пенсионный (в конце срока),https://www.banki.ru/products/deposits/deposit/20069/,14.7,14.7,500,,180,180.0,RUB,14.7,False,False,False,False,,,,нет,по ставке до востребования,7.6,14.7
4725,Россельхозбанк,https://static4.banki.ru/ugc/28/27/34/72/4725.svg,3349,Доходный Пенсионный (ежемесячно),https://www.banki.ru/products/deposits/deposit/22617/,14.2,14.2,500,,91,91.0,RUB,14.2,False,False,False,False,,,,нет,по ставке до востребования,6.8,14.2
4725,Россельхозбанк,https://static4.banki.ru/ugc/28/27/34/72/4725.svg,3349,Доходный (в конце срока),https://www.banki.ru/products/deposits/deposit/17602/,13.4,13.4,10000,,180,180.0,RUB,13.4,False,True,False,False,,,,нет,по ставке до востребования,,13.4
4725,Россельхозбанк,https://static4.banki.ru/ugc/28/27/34/72/4725.svg,3349,Доходный (ежемесячно),https://www.banki.ru/products/deposits/deposit/25536/,12.8,12.8,10000,,180,180.0,RUB,13.14,False,True,False,False,,,,по выбору клиента,по ставке до востребования,6.02,13.14
4725,Россельхозбанк,https://static4.banki.ru/ugc/28/27/34/72/4725.svg,3349,Моя копилка,https://www.banki.ru/products/deposits/deposit/20301/,9.5,9.5,100,,30,,RUB,9.5,False,True,True,True,,,,по выбору клиента,на льготных условиях,9.5,9.5
4725,Россельхозбанк,https://static4.banki.ru/ugc/28/27/34/72/4725.svg,3349,Растущий доход,https://www.banki.ru/products/deposits/deposit/20476/,7.83,7.83,10000,,540,540.0,RUB,7.83,False,False,False,False,,,,нет,на льготных условиях,7.83,7.83
4725,Россельхозбанк,https://static4.banki.ru/ugc/28/27/34/72/4725.svg,3349,Пополняемый,https://www.banki.ru/products/deposits/deposit/18167/,6.3,6.3,700000,10000000.0,91,91.0,RUB,6.33,False,True,False,True,,,,по выбору клиента,по ставке до востребования,5.65,6.33
4725,Россельхозбанк,https://static4.banki.ru/ugc/28/27/34/72/4725.svg,3349,Пенсионный Плюс,https://www.banki.ru/products/deposits/deposit/7155/,6.2,6.2,2000000,10000000.0,395,395.0,RUB,6.4,False,False,True,True,,,,есть,по ставке до востребования,4.02,6.4
4725,Россельхозбанк,https://static4.banki.ru/ugc/28/27/34/72/4725.svg,3349,Комфортный,https://www.banki.ru/products/deposits/deposit/18169/,6.1,6.1,700000,10000000.0,91,91.0,RUB,6.13,False,True,True,True,,,,по выбору клиента,по ставке до востребования,4.08,6.13
4725,Россельхозбанк,https://static4.banki.ru/ugc/28/27/34/72/4725.svg,3349,Накопи на мечту,https://www.banki.ru/products/deposits/deposit/13200/,4.0,4.0,3000,10000000.0,730,730.0,RUB,4.16,False,False,False,True,,,,есть,на льготных условиях,3.46,4.24
194275,Почта Банк,https://static4.banki.ru/ugc/8c/a7/56/ab/194275.svg,650,Горячий сезон,https://www.banki.ru/products/deposits/deposit/21504/,14.0,14.0,10000,,61,61.0,RUB,14.0,False,True,False,False,,,,нет,по ставке до востребования,13.7,14.0
12453,ГЕНБАНК,https:,2490,Пополняемый (в конце срока),https://www.banki.ru/products/deposits/deposit/25198/,13.3,13.3,30000,,91,91.0,RUB,13.3,False,True,False,True,,,,нет,по ставке до востребования,9.5,13.3
12453,ГЕНБАНК,https:,2490,Пополняемый (ежемесячно),https://www.banki.ru/products/deposits/deposit/25199/,13.0,13.0,30000,,91,91.0,RUB,13.0,False,True,False,True,,,,нет,по ставке до востребования,8.5,13.0
5919,Авангард,https:,2879,Базовый — Интернет (в конце срока),https://www.banki.ru/products/deposits/deposit/1497/,13.0,13.0,10000,,91,91.0,RUB,13.0,False,True,False,False,,,,нет,по ставке до востребования,11.0,13.0
5919,Авангард,https:,2879,Базовый (в конце срока),https://www.banki.ru/products/deposits/deposit/54/,13.0,13.0,30000,,91,91.0,RUB,13.0,False,False,False,False,,,,нет,по ставке до востребования,12.0,13.0
5919,Авангард,https:,2879,Базовый — Интернет (ежемесячно),https://www.banki.ru/products/deposits/deposit/1498/,12.0,12.0,10000,,91,91.0,RUB,12.0,False,True,False,False,,,,нет,по ставке до востребования,11.0,12.0
5919,Авангард,https:,2879,Базовый (ежемесячно),https://www.banki.ru/products/deposits/deposit/55/,12.0,12.0,30000,,91,91.0,RUB,12.0,False,False,False,False,,,,нет,по ставке до востребования,11.0,12.0
191107,Дальневосточный Банк,https://static3.banki.ru/ugc/49/4e/96/45/191107.svg,843,Накопительный счет,https://www.banki.ru/products/deposits/deposit/24487/,12.0,12.0,10000,,30,,RUB,12.0,False,True,True,True,,,,по выбору клиента,на льготных условиях,12.0,12.0
76624,Банк «РЕСО Кредит»,https://static2.banki.ru/ugc/82/00/49/6f/76624.svg,3450,Максимум,https://www.banki.ru/products/deposits/deposit/20750/,11.5,11.5,100000,,91,91.0,RUB,11.5,False,False,False,False,,,,нет,по ставке до востребования,8.5,11.5
76624,Банк «РЕСО Кредит»,https://static2.banki.ru/ugc/82/00/49/6f/76624.svg,3450,Онлайн,https://www.banki.ru/products/deposits/deposit/22499/,11.5,11.5,100000,,91,91.0,RUB,11.5,False,True,False,False,,,,нет,по ставке до востребования,8.5,11.5
194209,РУСНАРБАНК,https://static2.banki.ru/ugc/aa/21/ce/e6/194209.svg,3403,Максимальный доход + (1098 дней),https://www.banki.ru/products/deposits/deposit/21521/,10.2,10.2,10000,,1098,1098.0,RUB,10.2,False,True,False,False,,,,нет,на льготных условиях,10.2,10.2
194209,РУСНАРБАНК,https://static2.banki.ru/ugc/aa/21/ce/e6/194209.svg,3403,Новое время,https://www.banki.ru/products/deposits/deposit/22835/,9.77,9.77,10000,,1098,1098.0,RUB,9.77,False,True,False,False,,,,нет,на льготных условиях,9.77,9.77
8368,Ситибанк,https:,2557,Максимум,https://www.banki.ru/products/deposits/deposit/258/,2.0,2.0,30000,,31,31.0,RUB,2.0,False,True,False,False,,,,нет,по ставке до востребования,2.0,2.0
