productId,productUid,productType,productName,name,url,smallImage,updatedAt,partner_id,partner_uid,partner_type,partner_name,partner_image,partner_license,partner_url,partner_phone,partner_address,partner_code,meta_currency,meta_detailLink,meta_rateMin,meta_rateMax,meta_rateRange,meta_fullCreditRateMin,meta_fullCreditRateMax,meta_amountMin,meta_amountMax,meta_amountRange,meta_termMin,meta_termMax,meta_periodFromNotation,meta_periodToNotation,meta_termUnit,meta_issuanceCostMin,meta_issuanceCostMax,meta_annualServiceMin,meta_annualServiceMax,meta_cashWithdrawalsAtAtms,meta_cashWithdrawalsAtOtherBankAtms,meta_initialFeeMin,meta_initialFeeMax
17280,523203,credit,Запросто,Запросто,https://www.banki.ru/products/credits/credit/5232/,https://cdn.banki.ru/cdn/bank/96003_mobile_logo_url.png,23.12.2025 12:01,96003,960031,bank,Банк Синара,https://cdn.banki.ru/cdn/bank/96003_mobile_logo_url.png,705,www.sinara.ru,8 800 100-06-00,"620026, г. Екатеринбург, ул. Куйбышева, д. 75",skb-bank,RUB,https://www.banki.ru/products/credits/credit/5232/,5.5,39.0,"5,5–39%",,,51000,5440000,51 000–5 440 000 ₽,365,1825,1y,5y,4,,,,,,,,
19306,20113103,credit,Под залог недвижимости «Большая покупка»,Под залог недвижимости «Большая покупка»,https://www.banki.ru/products/credits/credit/201131/,https://cdn.banki.ru/cdn/bank/96003_mobile_logo_url.png,22.12.2025 13:17,96003,960031,bank,Банк Синара,https://cdn.banki.ru/cdn/bank/96003_mobile_logo_url.png,705,www.sinara.ru,8 800 100-06-00,"620026, г. Екатеринбург, ул. Куйбышева, д. 75",skb-bank,RUB,https://www.banki.ru/products/credits/credit/201131/,10.9,23.5,"10,9–23,5%",,,700000,13750000,700 000–13 750 000 ₽,365,5475,1y,15y,4,,,,,,,,
18848,20113503,credit,Наличными ,Наличными ,https://www.banki.ru/products/credits/credit/201135/,https://cdn.banki.ru/cdn/bank/325_mobile_logo_url.png,23.12.2025 12:10,325,3251,bank,Альфа-Банк,https://cdn.banki.ru/cdn/bank/325_mobile_logo_url.png,1326,www.alfabank.ru,8 800 200-00-00,"107078, г. Москва, ул. Каланчевская, д. 27",alfabank,RUB,https://www.banki.ru/products/credits/credit/201135/,18.99,51.99,"18,99–51,99%",,,30000,7500000,30 000–7 500 000 ₽,365,1825,5y,5y,4,,,,,,,,
16848,327203,credit,Наличными ,Наличными ,https://www.banki.ru/products/credits/credit/3272/,https://cdn.banki.ru/cdn/bank/325_mobile_logo_url.png,23.12.2025 12:15,325,3251,bank,Альфа-Банк,https://cdn.banki.ru/cdn/bank/325_mobile_logo_url.png,1326,www.alfabank.ru,8 800 200-00-00,"107078, г. Москва, ул. Каланчевская, д. 27",alfabank,RUB,https://www.banki.ru/products/credits/credit/3272/,18.99,51.99,"18,99–51,99%",,,30000,7500000,30 000–7 500 000 ₽,365,1825,5y,5y,4,,,,,,,,
19334,284103,credit,На любые цели под залог недвижимости ,На любые цели под залог недвижимости ,https://www.banki.ru/products/credits/credit/2841/,https://cdn.banki.ru/cdn/bank/325_mobile_logo_url.png,23.12.2025 13:01,325,3251,bank,Альфа-Банк,https://cdn.banki.ru/cdn/bank/325_mobile_logo_url.png,1326,www.alfabank.ru,8 800 200-00-00,"107078, г. Москва, ул. Каланчевская, д. 27",alfabank,RUB,https://www.banki.ru/products/credits/credit/2841/,17.8,30.4,"17,8–30,4%",,,500000,30000000,500 000–30 000 000 ₽,365,5475,1y,15y,4,,,,,,,,
19855,20115603,credit,Под залог недвижимости для новых клиентов,Под залог недвижимости для новых клиентов,https://www.banki.ru/products/credits/credit/201156/,https://cdn.banki.ru/cdn/bank/325_mobile_logo_url.png,23.12.2025 13:05,325,3251,bank,Альфа-Банк,https://cdn.banki.ru/cdn/bank/325_mobile_logo_url.png,1326,www.alfabank.ru,8 800 200-00-00,"107078, г. Москва, ул. Каланчевская, д. 27",alfabank,RUB,https://www.banki.ru/products/credits/credit/201156/,17.8,30.4,"17,8–30,4%",,,500000,30000000,500 000–30 000 000 ₽,365,5475,1y,15y,4,,,,,,,,
17147,501903,credit,Наличными,Наличными,https://www.banki.ru/products/credits/credit/5019/,https://cdn.banki.ru/cdn/bank/16196_mobile_logo_url.png,23.12.2025 12:55,16196,161961,bank,ОТП Банк,https://cdn.banki.ru/cdn/bank/16196_mobile_logo_url.png,2766,www.otpbank.ru,+7 (495) 775-47-75,"125171, г. Москва, Ленинградское ш., д. 16а, стр. 2",otpbank,RUB,https://www.banki.ru/products/credits/credit/5019/,13.9,51.9,"13,9–51,9%",,,15000,3000000,15 000–3 000 000 ₽,365,2555,1y,7y,4,,,,,,,,
20031,21117903,credit,Наличными с оформлением на Банки.ру,Наличными с оформлением на Банки.ру,https://www.banki.ru/products/credits/credit/211179/,https://cdn.banki.ru/cdn/bank/16196_mobile_logo_url.png,19.12.2025 12:45,16196,161961,bank,ОТП Банк,https://cdn.banki.ru/cdn/bank/16196_mobile_logo_url.png,2766,www.otpbank.ru,+7 (495) 775-47-75,"125171, г. Москва, Ленинградское ш., д. 16а, стр. 2",otpbank,RUB,https://www.banki.ru/products/credits/credit/211179/,13.9,51.9,"13,9–51,9%",,,15000,3000000,15 000–3 000 000 ₽,365,2555,1y,7y,4,,,,,,,,
17600,20100203,credit,Прайм «Специальный»,Прайм «Специальный»,https://www.banki.ru/products/credits/credit/201002/,https://cdn.banki.ru/cdn/bank/76620_mobile_logo_url.png,23.12.2025 11:11,76620,766201,bank,Совкомбанк,https://cdn.banki.ru/cdn/bank/76620_mobile_logo_url.png,963,www.sovcombank.ru,8 800 100-00-06,"156000, г. Кострома, просп. Текстильщиков, д. 46",sovcombank,RUB,https://www.banki.ru/products/credits/credit/201002/,14.9,39.9,"14,9–39,9%",,,30000,3000000,30 000–3 000 000 ₽,365,1825,1y,5y,4,,,,,,,,
17630,20103303,credit,Прайм Хит,Прайм Хит,https://www.banki.ru/products/credits/credit/201033/,https://cdn.banki.ru/cdn/bank/76620_mobile_logo_url.png,23.12.2025 11:11,76620,766201,bank,Совкомбанк,https://cdn.banki.ru/cdn/bank/76620_mobile_logo_url.png,963,www.sovcombank.ru,8 800 100-00-06,"156000, г. Кострома, просп. Текстильщиков, д. 46",sovcombank,RUB,https://www.banki.ru/products/credits/credit/201033/,14.9,39.9,"14,9–39,9%",,,300000,5000000,300 000–5 000 000 ₽,365,1825,1y,5y,4,,,,,,,,
17115,494603,credit,Прайм «Выгодный»,Прайм «Выгодный»,https://www.banki.ru/products/credits/credit/4946/,https://cdn.banki.ru/cdn/bank/76620_mobile_logo_url.png,23.12.2025 11:13,76620,766201,bank,Совкомбанк,https://cdn.banki.ru/cdn/bank/76620_mobile_logo_url.png,963,www.sovcombank.ru,8 800 100-00-06,"156000, г. Кострома, просп. Текстильщиков, д. 46",sovcombank,RUB,https://www.banki.ru/products/credits/credit/4946/,14.9,39.9,"14,9–39,9%",,,300000,5000000,300 000–5 000 000 ₽,365,1825,1y,5y,4,,,,,,,,
17033,458803,credit,Супер плюс,Супер плюс,https://www.banki.ru/products/credits/credit/4588/,https://cdn.banki.ru/cdn/bank/76620_mobile_logo_url.png,23.12.2025 10:42,76620,766201,bank,Совкомбанк,https://cdn.banki.ru/cdn/bank/76620_mobile_logo_url.png,963,www.sovcombank.ru,8 800 100-00-06,"156000, г. Кострома, просп. Текстильщиков, д. 46",sovcombank,RUB,https://www.banki.ru/products/credits/credit/4588/,19.9,36.9,"19,9–36,9%",,,200000,3000000,200 000–3 000 000 ₽,549,1825,18m,5y,4,,,,,,,,
17673,20107603,credit,Под залог авто,Под залог авто,https://www.banki.ru/products/credits/credit/201076/,https://cdn.banki.ru/cdn/bank/76620_mobile_logo_url.png,23.12.2025 11:15,76620,766201,bank,Совкомбанк,https://cdn.banki.ru/cdn/bank/76620_mobile_logo_url.png,963,www.sovcombank.ru,8 800 100-00-06,"156000, г. Кострома, просп. Текстильщиков, д. 46",sovcombank,RUB,https://www.banki.ru/products/credits/credit/201076/,19.9,35.9,"19,9–35,9%",,,100000,15000000,100 000–15 000 000 ₽,365,3650,1y,10y,4,,,,,,,,
16814,277003,credit,Стандартный плюс,Стандартный плюс,https://www.banki.ru/products/credits/credit/2770/,https://cdn.banki.ru/cdn/bank/76620_mobile_logo_url.png,23.12.2025 11:12,76620,766201,bank,Совкомбанк,https://cdn.banki.ru/cdn/bank/76620_mobile_logo_url.png,963,www.sovcombank.ru,8 800 100-00-06,"156000, г. Кострома, просп. Текстильщиков, д. 46",sovcombank,RUB,https://www.banki.ru/products/credits/credit/2770/,19.9,38.9,"19,9–38,9%",,,50000,399999,50 000–399 999 ₽,365,1825,5y,5y,4,,,,,,,,
16934,394503,credit,Денежный кредит под залог авто «Выгодный»,Денежный кредит под залог авто «Выгодный»,https://www.banki.ru/products/credits/credit/3945/,https://cdn.banki.ru/cdn/bank/76620_mobile_logo_url.png,23.12.2025 11:15,76620,766201,bank,Совкомбанк,https://cdn.banki.ru/cdn/bank/76620_mobile_logo_url.png,963,www.sovcombank.ru,8 800 100-00-06,"156000, г. Кострома, просп. Текстильщиков, д. 46",sovcombank,RUB,https://www.banki.ru/products/credits/credit/3945/,14.9,39.9,"14,9–39,9%",,,150000,15000000,150 000–15 000 000 ₽,365,1825,1y,5y,4,,,,,,,,
16833,306303,credit,Пенсионный плюс,Пенсионный плюс,https://www.banki.ru/products/credits/credit/3063/,https://cdn.banki.ru/cdn/bank/76620_mobile_logo_url.png,23.12.2025 11:13,76620,766201,bank,Совкомбанк,https://cdn.banki.ru/cdn/bank/76620_mobile_logo_url.png,963,www.sovcombank.ru,8 800 100-00-06,"156000, г. Кострома, просп. Текстильщиков, д. 46",sovcombank,RUB,https://www.banki.ru/products/credits/credit/3063/,19.9,37.9,"19,9–37,9%",,,50000,399999,50 000–399 999 ₽,365,1825,5y,5y,4,,,,,,,,
19409,500703,credit,«Выгодный»,«Выгодный»,https://www.banki.ru/products/credits/credit/5007/,https://cdn.banki.ru/cdn/bank/76620_mobile_logo_url.png,23.12.2025 11:20,76620,766201,bank,Совкомбанк,https://cdn.banki.ru/cdn/bank/76620_mobile_logo_url.png,963,www.sovcombank.ru,8 800 100-00-06,"156000, г. Кострома, просп. Текстильщиков, д. 46",sovcombank,RUB,https://www.banki.ru/products/credits/credit/5007/,19.9,19.9,"19,9%",,,200000,30000000,200 000–30 000 000 ₽,1095,5475,3y,15y,4,,,,,,,,
19367,394403,credit,Под залог недвижимости,Под залог недвижимости,https://www.banki.ru/products/credits/credit/3944/,https://cdn.banki.ru/cdn/bank/76620_mobile_logo_url.png,23.12.2025 11:21,76620,766201,bank,Совкомбанк,https://cdn.banki.ru/cdn/bank/76620_mobile_logo_url.png,963,www.sovcombank.ru,8 800 100-00-06,"156000, г. Кострома, просп. Текстильщиков, д. 46",sovcombank,RUB,https://www.banki.ru/products/credits/credit/3944/,31.9,33.9,"31,9–33,9%",,,200000,30000000,200 000–30 000 000 ₽,1095,5475,3y,15y,4,,,,,,,,
17588,20098903,credit,Наличными,Наличными,https://www.banki.ru/products/credits/credit/200989/,https://cdn.banki.ru/cdn/bank/195706_mobile_logo_url.png,23.12.2025 11:25,195706,1957061,bank,Т-Банк,https://cdn.banki.ru/cdn/bank/195706_mobile_logo_url.png,2673,www.tbank.ru,8 800 555-10-10,"127287, г. Москва, ул. 2-я Хуторская, д.38А, стр.26",tcs,RUB,https://www.banki.ru/products/credits/credit/200989/,22.9,42.1,"22,9–42,1%",,,50000,5000000,50 000–5 000 000 ₽,365,1825,1y,5y,4,,,,,,,,
17037,459703,credit,Под залог (авто),Под залог (авто),https://www.banki.ru/products/credits/credit/4597/,https://cdn.banki.ru/cdn/bank/195706_mobile_logo_url.png,23.12.2025 11:28,195706,1957061,bank,Т-Банк,https://cdn.banki.ru/cdn/bank/195706_mobile_logo_url.png,2673,www.tbank.ru,8 800 555-10-10,"127287, г. Москва, ул. 2-я Хуторская, д.38А, стр.26",tcs,RUB,https://www.banki.ru/products/credits/credit/4597/,24.9,38.9,"24,9–38,9%",,,100000,7000000,100 000–7 000 000 ₽,365,2555,1y,7y,4,,,,,,,,
17349,20075003,credit,На высшее образование,На высшее образование,https://www.banki.ru/products/credits/credit/200750/,https://cdn.banki.ru/cdn/bank/195706_mobile_logo_url.png,23.12.2025 11:36,195706,1957061,bank,Т-Банк,https://cdn.banki.ru/cdn/bank/195706_mobile_logo_url.png,2673,www.tbank.ru,8 800 555-10-10,"127287, г. Москва, ул. 2-я Хуторская, д.38А, стр.26",tcs,RUB,https://www.banki.ru/products/credits/credit/200750/,3.0,3.0,3%,,,5000,6000000,5 000–6 000 000 ₽,365,9125,1y,25y,4,,,,,,,,
19349,342703,credit,Под залог (недвижимости),Под залог (недвижимости),https://www.banki.ru/products/credits/credit/3427/,https://cdn.banki.ru/cdn/bank/195706_mobile_logo_url.png,23.12.2025 11:24,195706,1957061,bank,Т-Банк,https://cdn.banki.ru/cdn/bank/195706_mobile_logo_url.png,2673,www.tbank.ru,8 800 555-10-10,"127287, г. Москва, ул. 2-я Хуторская, д.38А, стр.26",tcs,RUB,https://www.banki.ru/products/credits/credit/3427/,20.9,32.9,"20,9–32,9%",,,200000,30000000,200 000–30 000 000 ₽,365,5475,1y,15y,4,,,,,,,,
16742,20503,credit,Со сниженным платежом,Со сниженным платежом,https://www.banki.ru/products/credits/credit/205/,https://cdn.banki.ru/cdn/bank/4725_mobile_logo_url.png,23.12.2025 13:00,4725,47251,bank,Россельхозбанк,https://cdn.banki.ru/cdn/bank/4725_mobile_logo_url.png,3349,www.rshb.ru,8 800 100-01-00,"119034, г. Москва, Гагаринский пер., д. 3",rshb,RUB,https://www.banki.ru/products/credits/credit/205/,23.0,41.4,"23–41,4%",,,30000,5000000,30 000–5 000 000 ₽,183,1825,6m,5y,4,,,,,,,,
17089,481803,credit,На благоустройство для жителей села,На благоустройство для жителей села,https://www.banki.ru/products/credits/credit/4818/,https://cdn.banki.ru/cdn/bank/4725_mobile_logo_url.png,15.12.2025 16:05,4725,47251,bank,Россельхозбанк,https://cdn.banki.ru/cdn/bank/4725_mobile_logo_url.png,3349,www.rshb.ru,8 800 100-01-00,"119034, г. Москва, Гагаринский пер., д. 3",rshb,RUB,https://www.banki.ru/products/credits/credit/4818/,3.25,33.0,"3,25–33%",,,30000,700000,30 000–700 000 ₽,396,1825,1m1y,5y,4,,,,,,,,
17066,471103,credit,Газомоторное топливо,Газомоторное топливо,https://www.banki.ru/products/credits/credit/4711/,https://cdn.banki.ru/cdn/bank/4725_mobile_logo_url.png,15.12.2025 16:05,4725,47251,bank,Россельхозбанк,https://cdn.banki.ru/cdn/bank/4725_mobile_logo_url.png,3349,www.rshb.ru,8 800 100-01-00,"119034, г. Москва, Гагаринский пер., д. 3",rshb,RUB,https://www.banki.ru/products/credits/credit/4711/,27.9,33.4,"27,9–33,4%",,,30000,300000,30 000–300 000 ₽,397,1095,13m,3y,4,,,,,,,,
19810,21114903,credit,Классика,Классика,https://www.banki.ru/products/credits/credit/211149/,https://cdn.banki.ru/cdn/bank/351_mobile_logo_url.png,23.12.2025 12:04,351,3511,bank,Русский Стандарт,https://cdn.banki.ru/cdn/bank/351_mobile_logo_url.png,2289,www.rsb.ru,+7 (495) 748-07-48,"105187, г. Москва, ул. Ткацкая, д. 36",rsb,RUB,https://www.banki.ru/products/credits/credit/211149/,16.9,51.0,"16,9–51%",,,30000,3000000,30 000–3 000 000 ₽,30,1825,1m,5y,4,,,,,,,,
16978,424703,credit,Наличными,Наличными,https://www.banki.ru/products/credits/credit/4247/,https://cdn.banki.ru/cdn/bank/351_mobile_logo_url.png,23.12.2025 12:04,351,3511,bank,Русский Стандарт,https://cdn.banki.ru/cdn/bank/351_mobile_logo_url.png,2289,www.rsb.ru,+7 (495) 748-07-48,"105187, г. Москва, ул. Ткацкая, д. 36",rsb,RUB,https://www.banki.ru/products/credits/credit/4247/,24.9,65.0,"24,9–65%",,,30000,3000000,30 000–3 000 000 ₽,31,1825,1m,5y,4,,,,,,,,
19506,20111403,credit,Под залог недвижимости,Под залог недвижимости,https://www.banki.ru/products/credits/credit/201114/,https://cdn.banki.ru/cdn/bank/351_mobile_logo_url.png,09.12.2025 17:54,351,3511,bank,Русский Стандарт,https://cdn.banki.ru/cdn/bank/351_mobile_logo_url.png,2289,www.rsb.ru,+7 (495) 748-07-48,"105187, г. Москва, ул. Ткацкая, д. 36",rsb,RUB,https://www.banki.ru/products/credits/credit/201114/,24.9,33.0,"24,9–33%",,,500000,10000000,500 000–10 000 000 ₽,183,3650,6m,10y,4,,,,,,,,
18157,20111303,credit,Под залог авто,Под залог авто,https://www.banki.ru/products/credits/credit/201113/,https://cdn.banki.ru/cdn/bank/351_mobile_logo_url.png,23.12.2025 12:05,351,3511,bank,Русский Стандарт,https://cdn.banki.ru/cdn/bank/351_mobile_logo_url.png,2289,www.rsb.ru,+7 (495) 748-07-48,"105187, г. Москва, ул. Ткацкая, д. 36",rsb,RUB,https://www.banki.ru/products/credits/credit/201113/,24.9,35.0,"24,9–35%",,,30000,3000000,30 000–3 000 000 ₽,31,3650,1m,10y,4,,,,,,,,
16872,347403,credit,Наличными,Наличными,https://www.banki.ru/products/credits/credit/3474/,https://cdn.banki.ru/cdn/bank/9011_mobile_logo_url.png,23.12.2025 12:02,9011,90111,bank,Металлинвестбанк,https://cdn.banki.ru/cdn/bank/9011_mobile_logo_url.png,2440,www.metallinvestbank.ru,8 800 250-97-97,"119180, г. Москва, ул. Большая Полянка, д. 47, стр. 2",metallinvestbank,RUB,https://www.banki.ru/products/credits/credit/3474/,20.0,37.0,20–37%,,,30000,3000000,30 000–3 000 000 ₽,183,1825,6m,5y,4,,,,,,,,
17330,20073103,credit,Под залог автомобиля,Под залог автомобиля,https://www.banki.ru/products/credits/credit/200731/,https://cdn.banki.ru/cdn/bank/9011_mobile_logo_url.png,23.12.2025 12:02,9011,90111,bank,Металлинвестбанк,https://cdn.banki.ru/cdn/bank/9011_mobile_logo_url.png,2440,www.metallinvestbank.ru,8 800 250-97-97,"119180, г. Москва, ул. Большая Полянка, д. 47, стр. 2",metallinvestbank,RUB,https://www.banki.ru/products/credits/credit/200731/,17.5,33.5,"17,5–33,5%",,,300000,5000000,300 000–5 000 000 ₽,397,1825,13m,5y,4,,,,,,,,
19754,20115003,credit,Под залог недвижимости,Под залог недвижимости,https://www.banki.ru/products/credits/credit/201150/,https://cdn.banki.ru/cdn/bank/9011_mobile_logo_url.png,15.12.2025 12:51,9011,90111,bank,Металлинвестбанк,https://cdn.banki.ru/cdn/bank/9011_mobile_logo_url.png,2440,www.metallinvestbank.ru,8 800 250-97-97,"119180, г. Москва, ул. Большая Полянка, д. 47, стр. 2",metallinvestbank,RUB,https://www.banki.ru/products/credits/credit/201150/,24.6,25.6,"24,6–25,6%",,,500000,15000000,500 000–15 000 000 ₽,365,10950,1y,30y,4,,,,,,,,
16873,347603,credit,Пенсионный,Пенсионный,https://www.banki.ru/products/credits/credit/3476/,https://cdn.banki.ru/cdn/bank/9011_mobile_logo_url.png,12.12.2025 11:59,9011,90111,bank,Металлинвестбанк,https://cdn.banki.ru/cdn/bank/9011_mobile_logo_url.png,2440,www.metallinvestbank.ru,8 800 250-97-97,"119180, г. Москва, ул. Большая Полянка, д. 47, стр. 2",metallinvestbank,RUB,https://www.banki.ru/products/credits/credit/3476/,24.6,42.0,"24,6–42%",,,30000,3000000,30 000–3 000 000 ₽,183,1825,6m,5y,4,,,,,,,,
18178,20112503,credit,Наличными (без визита в банк),Наличными (без визита в банк),https://www.banki.ru/products/credits/credit/201125/,https://cdn.banki.ru/cdn/bank/9183_mobile_logo_url.png,23.12.2025 12:52,9183,91831,bank,Локо-Банк,https://cdn.banki.ru/cdn/bank/9183_mobile_logo_url.png,2707,www.lockobank.ru,8 800 250-50-50,"125167, г. Москва, Ленинградский просп., д. 39, стр. 80",locko-bank,RUB,https://www.banki.ru/products/credits/credit/201125/,25.9,49.9,"25,9–49,9%",,,50000,5000000,50 000–5 000 000 ₽,365,2555,1y,7y,4,,,,,,,,
19407,498403,credit,Под залог недвижимости,Под залог недвижимости,https://www.banki.ru/products/credits/credit/4984/,https://cdn.banki.ru/cdn/bank/9183_mobile_logo_url.png,15.12.2025 16:29,9183,91831,bank,Локо-Банк,https://cdn.banki.ru/cdn/bank/9183_mobile_logo_url.png,2707,www.lockobank.ru,8 800 250-50-50,"125167, г. Москва, Ленинградский просп., д. 39, стр. 80",locko-bank,RUB,https://www.banki.ru/products/credits/credit/4984/,22.4,26.4,"22,4–26,4%",,,1000000,30000000,1 000 000–30 000 000 ₽,365,7300,1y,20y,4,,,,,,,,
16877,348703,credit,На любые цели под залог авто,На любые цели под залог авто,https://www.banki.ru/products/credits/credit/3487/,https://cdn.banki.ru/cdn/bank/9183_mobile_logo_url.png,18.12.2025 17:32,9183,91831,bank,Локо-Банк,https://cdn.banki.ru/cdn/bank/9183_mobile_logo_url.png,2707,www.lockobank.ru,8 800 250-50-50,"125167, г. Москва, Ленинградский просп., д. 39, стр. 80",locko-bank,RUB,https://www.banki.ru/products/credits/credit/3487/,25.9,34.9,"25,9–34,9%",,,500001,10000000,500 001–10 000 000 ₽,1095,2920,3y,8y,4,,,,,,,,
16740,14403,credit,Стандартный ,Стандартный ,https://www.banki.ru/products/credits/credit/144/,https://cdn.banki.ru/cdn/bank/63520_mobile_logo_url.png,23.12.2025 12:47,63520,635201,bank,Уралсиб,https://cdn.banki.ru/cdn/bank/63520_mobile_logo_url.png,30,www.uralsib.ru,8 800 250-57-57,"119048, г. Москва, ул. Ефремова, д. 8",uralsib,RUB,https://www.banki.ru/products/credits/credit/144/,9.0,51.0,9–51%,,,30000,1500000,30 000–1 500 000 ₽,397,2555,13m,7y,4,,,,,,,,
18775,20113003,credit,Под залог автомобиля,Под залог автомобиля,https://www.banki.ru/products/credits/credit/201130/,https://cdn.banki.ru/cdn/bank/63520_mobile_logo_url.png,16.12.2025 18:28,63520,635201,bank,Уралсиб,https://cdn.banki.ru/cdn/bank/63520_mobile_logo_url.png,30,www.uralsib.ru,8 800 250-57-57,"119048, г. Москва, ул. Ефремова, д. 8",uralsib,RUB,https://www.banki.ru/products/credits/credit/201130/,4.9,32.9,"4,9–32,9%",,,100000,1500000,100 000–1 500 000 ₽,397,2555,13m,7y,4,,,,,,,,
19380,438703,credit,Под залог недвижимости,Под залог недвижимости,https://www.banki.ru/products/credits/credit/4387/,https://cdn.banki.ru/cdn/bank/63520_mobile_logo_url.png,18.12.2025 19:04,63520,635201,bank,Уралсиб,https://cdn.banki.ru/cdn/bank/63520_mobile_logo_url.png,30,www.uralsib.ru,8 800 250-57-57,"119048, г. Москва, ул. Ефремова, д. 8",uralsib,RUB,https://www.banki.ru/products/credits/credit/4387/,21.0,23.0,21–23%,,,1500000,20000000,1 500 000–20 000 000 ₽,365,5475,1y,15y,4,,,,,,,,
19384,445103,credit,Залоговый+,Залоговый+,https://www.banki.ru/products/credits/credit/4451/,https://cdn.banki.ru/cdn/bank/193292_mobile_logo_url.png,22.12.2025 13:09,193292,1932921,bank,Норвик Банк,https://cdn.banki.ru/cdn/bank/193292_mobile_logo_url.png,902,norvikbank.ru,8 800 100-17-77,"115054, г. Москва, ул. Зацепский Вал, д. 5",norvik-bank,RUB,https://www.banki.ru/products/credits/credit/4451/,16.5,40.0,"16,5–40%",,,500000,20000000,500 000–20 000 000 ₽,31,7300,1m,20y,4,,,,,,,,
19449,524303,credit,Под залог квартиры,Под залог квартиры,https://www.banki.ru/products/credits/credit/5243/,https://cdn.banki.ru/cdn/bank/11948217_mobile_logo_url.png,23.12.2025 13:06,11948217,119482171,bank,Credit.Club,https://cdn.banki.ru/cdn/bank/11948217_mobile_logo_url.png,—,credit.club,8 800-775-80-09,"г. Екатеринбург, ул. Малышева, 51
",creditclub,RUB,https://www.banki.ru/products/credits/credit/5243/,16.9,26.9,"16,9–26,9%",,,300000,15000000,300 000–15 000 000 ₽,365,7300,1y,20y,4,,,,,,,,
19311,403,credit,На любые цели под залог недвижимости,На любые цели под залог недвижимости,https://www.banki.ru/products/credits/credit/4/,https://cdn.banki.ru/cdn/bank/322_mobile_logo_url.png,22.12.2025 13:16,322,3221,bank,Сбербанк,https://cdn.banki.ru/cdn/bank/322_mobile_logo_url.png,1481,www.sberbank.ru,8 800 555-55-50,"117997, г. Москва, ул. Вавилова, д. 19",sberbank,RUB,https://www.banki.ru/products/credits/credit/4/,17.7,18.7,"17,7–18,7%",,,300000,20000000,300 000–20 000 000 ₽,365,10950,1y,30y,4,,,,,,,,
16741,17903,credit,Образовательный,Образовательный,https://www.banki.ru/products/credits/credit/179/,https://cdn.banki.ru/cdn/bank/322_mobile_logo_url.png,11.12.2025 12:14,322,3221,bank,Сбербанк,https://cdn.banki.ru/cdn/bank/322_mobile_logo_url.png,1481,www.sberbank.ru,8 800 555-55-50,"117997, г. Москва, ул. Вавилова, д. 19",sberbank,RUB,https://www.banki.ru/products/credits/credit/179/,3.0,3.0,3%,,,10000,10000000,10 000–10 000 000 ₽,5475,5475,15y,15y,4,,,,,,,,
16731,103,credit,На любые цели,На любые цели,https://www.banki.ru/products/credits/credit/1/,https://cdn.banki.ru/cdn/bank/322_mobile_logo_url.png,11.12.2025 12:13,322,3221,bank,Сбербанк,https://cdn.banki.ru/cdn/bank/322_mobile_logo_url.png,1481,www.sberbank.ru,8 800 555-55-50,"117997, г. Москва, ул. Вавилова, д. 19",sberbank,RUB,https://www.banki.ru/products/credits/credit/1/,21.9,44.5,"21,9–44,5%",,,10000,30000000,10 000–30 000 000 ₽,31,1825,1m,5y,4,,,,,,,,
16909,376103,credit,На всё про всё,На всё про всё,https://www.banki.ru/products/credits/credit/3761/,https://cdn.banki.ru/cdn/bank/193300_mobile_logo_url.png,16.12.2025 15:47,193300,1933001,bank,Газэнергобанк,https://cdn.banki.ru/cdn/bank/193300_mobile_logo_url.png,3252,www.gebank.ru,8 800 700-3000,"248030, г. Калуга, ул. Плеханова, д. 4",gazenergobank,RUB,https://www.banki.ru/products/credits/credit/3761/,2.0,25.4,"2–25,4%",,,15000,1300000,15 000–1 300 000 ₽,31,1825,1m,5y,4,,,,,,,,
16989,433103,credit,Наличными ,Наличными ,https://www.banki.ru/products/credits/credit/4331/,https://cdn.banki.ru/cdn/bank/327_mobile_logo_url.png,12.12.2025 13:35,327,3271,bank,ВТБ,https://cdn.banki.ru/cdn/bank/327_mobile_logo_url.png,1000,www.vtb.ru,8 800 200-77-99,"190000, г. Санкт-Петербург, ул. Большая Морская, д. 29",vtb,RUB,https://www.banki.ru/products/credits/credit/4331/,6.3,43.0,"6,3–43%",,,100001,7000000,100 001–7 000 000 ₽,183,1825,6m,5y,4,,,,,,,,
17615,20101803,credit,Под залог автомобиля,Под залог автомобиля,https://www.banki.ru/products/credits/credit/201018/,https://cdn.banki.ru/cdn/bank/327_mobile_logo_url.png,12.12.2025 13:36,327,3271,bank,ВТБ,https://cdn.banki.ru/cdn/bank/327_mobile_logo_url.png,1000,www.vtb.ru,8 800 200-77-99,"190000, г. Санкт-Петербург, ул. Большая Морская, д. 29",vtb,RUB,https://www.banki.ru/products/credits/credit/201018/,23.9,40.2,"23,9–40,2%",,,100001,40000000,100 001–40 000 000 ₽,183,1825,6m,5y,4,,,,,,,,
19312,13703,credit,Под залог недвижимости,Под залог недвижимости,https://www.banki.ru/products/credits/credit/137/,https://cdn.banki.ru/cdn/bank/327_mobile_logo_url.png,15.12.2025 17:20,327,3271,bank,ВТБ,https://cdn.banki.ru/cdn/bank/327_mobile_logo_url.png,1000,www.vtb.ru,8 800 200-77-99,"190000, г. Санкт-Петербург, ул. Большая Морская, д. 29",vtb,RUB,https://www.banki.ru/products/credits/credit/137/,24.6,25.6,"24,6–25,6%",,,1500000,40000000,1 500 000–40 000 000 ₽,365,5475,1y,15y,4,,,,,,,,
17067,471603,credit,Экспресс,Экспресс,https://www.banki.ru/products/credits/credit/4716/,https://cdn.banki.ru/cdn/bank/327_mobile_logo_url.png,12.12.2025 13:35,327,3271,bank,ВТБ,https://cdn.banki.ru/cdn/bank/327_mobile_logo_url.png,1000,www.vtb.ru,8 800 200-77-99,"190000, г. Санкт-Петербург, ул. Большая Морская, д. 29",vtb,RUB,https://www.banki.ru/products/credits/credit/4716/,37.9,51.9,"37,9–51,9%",,,30000,100000,30 000–100 000 ₽,183,1825,6m,5y,4,,,,,,,,
19357,377603,credit,На любые цели под залог недвижимости,На любые цели под залог недвижимости,https://www.banki.ru/products/credits/credit/3776/,https://cdn.banki.ru/cdn/bank/2764_mobile_logo_url.png,22.12.2025 13:06,2764,27641,bank,Газпромбанк,https://cdn.banki.ru/cdn/bank/2764_mobile_logo_url.png,354,www.gazprombank.ru,8 800 300-60-90,"117420, г. Москва, ул. Наметкина, д. 16, корп. 1.",gazprombank,RUB,https://www.banki.ru/products/credits/credit/3776/,10.6,28.6,"10,6–28,6%",,,500000,30000000,500 000–30 000 000 ₽,1460,7300,4y,20y,4,,,,,,,,
17030,457803,credit,Наличными,Наличными,https://www.banki.ru/products/credits/credit/4578/,https://cdn.banki.ru/cdn/bank/2764_mobile_logo_url.png,18.12.2025 14:23,2764,27641,bank,Газпромбанк,https://cdn.banki.ru/cdn/bank/2764_mobile_logo_url.png,354,www.gazprombank.ru,8 800 300-60-90,"117420, г. Москва, ул. Наметкина, д. 16, корп. 1.",gazprombank,RUB,https://www.banki.ru/products/credits/credit/4578/,24.9,46.4,"24,9–46,4%",,,50000,7000000,50 000–7 000 000 ₽,397,1825,13m,5y,4,,,,,,,,
17132,499403,credit,Универсальный,Универсальный,https://www.banki.ru/products/credits/credit/4994/,https://cdn.banki.ru/cdn/bank/2764_mobile_logo_url.png,18.12.2025 14:23,2764,27641,bank,Газпромбанк,https://cdn.banki.ru/cdn/bank/2764_mobile_logo_url.png,354,www.gazprombank.ru,8 800 300-60-90,"117420, г. Москва, ул. Наметкина, д. 16, корп. 1.",gazprombank,RUB,https://www.banki.ru/products/credits/credit/4994/,27.9,29.9,"27,9–29,9%",,,500000,7000000,500 000–7 000 000 ₽,397,1825,13m,5y,4,,,,,,,,
16753,56103,credit,Наличными,Наличными,https://www.banki.ru/products/credits/credit/561/,https://cdn.banki.ru/cdn/bank/36119_mobile_logo_url.png,19.12.2025 17:30,36119,361191,bank,Ак Барс Банк,https://cdn.banki.ru/cdn/bank/36119_mobile_logo_url.png,2590,www.akbars.ru,8 800 200-53-03,"420066, г. Казань, ул. Декабристов, д. 1",akbars,RUB,https://www.banki.ru/products/credits/credit/561/,16.0,51.7,"16–51,7%",,,30000,3000000,30 000–3 000 000 ₽,365,1825,1y,5y,4,,,,,,,,
19315,57103,credit,Под залог недвижимости,Под залог недвижимости,https://www.banki.ru/products/credits/credit/571/,https://cdn.banki.ru/cdn/bank/36119_mobile_logo_url.png,19.12.2025 17:47,36119,361191,bank,Ак Барс Банк,https://cdn.banki.ru/cdn/bank/36119_mobile_logo_url.png,2590,www.akbars.ru,8 800 200-53-03,"420066, г. Казань, ул. Декабристов, д. 1",akbars,RUB,https://www.banki.ru/products/credits/credit/571/,23.0,24.0,23–24%,,,500000,20000000,500 000–20 000 000 ₽,1095,2555,3y,7y,4,,,,,,,,
17632,20103503,credit,Под залог авто,Под залог авто,https://www.banki.ru/products/credits/credit/201035/,https://cdn.banki.ru/cdn/bank/95970_mobile_logo_url.png,09.12.2025 17:23,95970,959701,bank,Уральский банк реконструкции и развития (УБРиР),https://cdn.banki.ru/cdn/bank/95970_mobile_logo_url.png,429,www.ubrr.ru,8 800 100-02-00,"620063, г. Екатеринбург, ул. 8 Марта, д. 51",ubrr,RUB,https://www.banki.ru/products/credits/credit/201035/,16.4,37.0,"16,4–37%",,,200000,5000000,200 000–5 000 000 ₽,1460,3650,10y,10y,4,,,,,,,,
16756,60903,credit,На любые цели,На любые цели,https://www.banki.ru/products/credits/credit/609/,https://cdn.banki.ru/cdn/bank/95970_mobile_logo_url.png,09.12.2025 17:15,95970,959701,bank,Уральский банк реконструкции и развития (УБРиР),https://cdn.banki.ru/cdn/bank/95970_mobile_logo_url.png,429,www.ubrr.ru,8 800 100-02-00,"620063, г. Екатеринбург, ул. 8 Марта, д. 51",ubrr,RUB,https://www.banki.ru/products/credits/credit/609/,17.9,37.0,"17,9–37%",,,100000,5000000,100 000–5 000 000 ₽,1095,1825,5y,5y,4,,,,,,,,
16993,438803,credit,Без справок,Без справок,https://www.banki.ru/products/credits/credit/4388/,https://cdn.banki.ru/cdn/bank/95970_mobile_logo_url.png,09.12.2025 17:06,95970,959701,bank,Уральский банк реконструкции и развития (УБРиР),https://cdn.banki.ru/cdn/bank/95970_mobile_logo_url.png,429,www.ubrr.ru,8 800 100-02-00,"620063, г. Екатеринбург, ул. 8 Марта, д. 51",ubrr,RUB,https://www.banki.ru/products/credits/credit/4388/,18.4,37.0,"18,4–37%",,,100000,700000,100 000–700 000 ₽,1095,1825,5y,5y,4,,,,,,,,
19370,401203,credit,Под залог недвижимости,Под залог недвижимости,https://www.banki.ru/products/credits/credit/4012/,https://cdn.banki.ru/cdn/bank/95970_mobile_logo_url.png,19.12.2025 16:09,95970,959701,bank,Уральский банк реконструкции и развития (УБРиР),https://cdn.banki.ru/cdn/bank/95970_mobile_logo_url.png,429,www.ubrr.ru,8 800 100-02-00,"620063, г. Екатеринбург, ул. 8 Марта, д. 51",ubrr,RUB,https://www.banki.ru/products/credits/credit/4012/,25.0,26.5,"25–26,5%",,,300000,15000000,300 000–15 000 000 ₽,1825,5475,5y,15y,4,,,,,,,,
17629,20103203,credit,Под залог автомобиля,Под залог автомобиля,https://www.banki.ru/products/credits/credit/201032/,https://cdn.banki.ru/cdn/bank/6055_mobile_logo_url.png,09.12.2025 19:05,6055,60551,bank,МТС Банк,https://cdn.banki.ru/cdn/bank/6055_mobile_logo_url.png,2268,www.mtsbank.ru,8 800 250-05-20,"115432, г. Москва, просп. Андропова, д. 18, корп. 1",mts-bank,RUB,https://www.banki.ru/products/credits/credit/201032/,17.9,33.9,"17,9–33,9%",,,100000,5000000,100 000–5 000 000 ₽,365,1825,1y,5y,4,,,,,,,,
17085,480103,credit,На любые цели,На любые цели,https://www.banki.ru/products/credits/credit/4801/,https://cdn.banki.ru/cdn/bank/6055_mobile_logo_url.png,09.12.2025 19:04,6055,60551,bank,МТС Банк,https://cdn.banki.ru/cdn/bank/6055_mobile_logo_url.png,2268,www.mtsbank.ru,8 800 250-05-20,"115432, г. Москва, просп. Андропова, д. 18, корп. 1",mts-bank,RUB,https://www.banki.ru/products/credits/credit/4801/,18.9,39.9,"18,9–39,9%",,,20000,5000000,20 000–5 000 000 ₽,365,1825,1y,5y,4,,,,,,,,
19410,501403,credit,Под залог недвижимости,Под залог недвижимости,https://www.banki.ru/products/credits/credit/5014/,https://cdn.banki.ru/cdn/bank/6055_mobile_logo_url.png,09.12.2025 19:03,6055,60551,bank,МТС Банк,https://cdn.banki.ru/cdn/bank/6055_mobile_logo_url.png,2268,www.mtsbank.ru,8 800 250-05-20,"115432, г. Москва, просп. Андропова, д. 18, корп. 1",mts-bank,RUB,https://www.banki.ru/products/credits/credit/5014/,20.5,26.9,"20,5–26,9%",,,500000,10000000,500 000–10 000 000 ₽,365,5475,1y,15y,4,,,,,,,,
19385,446403,credit,На любые цели,На любые цели,https://www.banki.ru/products/credits/credit/4464/,https://cdn.banki.ru/cdn/bank/189319_mobile_logo_url.png,10.12.2025 18:22,189319,1893191,bank,Почтобанк,https://cdn.banki.ru/cdn/bank/189319_mobile_logo_url.png,1788,www.uralexpress.ru,+7 (342) 236-07-72,"614096, г. Пермь, ул. Ленина, д. 68",pochtobank,RUB,https://www.banki.ru/products/credits/credit/4464/,18.0,18.0,18%,,,100000,10000000,100 000–10 000 000 ₽,31,1825,1m,5y,4,,,,,,,,
16886,356203,credit,Наличными,Наличными,https://www.banki.ru/products/credits/credit/3562/,https://cdn.banki.ru/cdn/bank/2237_mobile_logo_url.png,15.12.2025 15:57,2237,22371,bank,Банк ДОМ.РФ,https://cdn.banki.ru/cdn/bank/2237_mobile_logo_url.png,2312,domrfbank.ru,8 800 775-86-86 ,"125009, г. Москва, ул. Воздвиженка, д. 10",domrfbank,RUB,https://www.banki.ru/products/credits/credit/3562/,18.5,37.5,"18,5–37,5%",,,100000,10000000,100 000–10 000 000 ₽,730,2555,2y,7y,4,,,,,,,,
19722,20114903,credit,Под залог квартиры,Под залог квартиры,https://www.banki.ru/products/credits/credit/201149/,https://cdn.banki.ru/cdn/bank/2237_mobile_logo_url.png,15.12.2025 15:54,2237,22371,bank,Банк ДОМ.РФ,https://cdn.banki.ru/cdn/bank/2237_mobile_logo_url.png,2312,domrfbank.ru,8 800 775-86-86 ,"125009, г. Москва, ул. Воздвиженка, д. 10",domrfbank,RUB,https://www.banki.ru/products/credits/credit/201149/,27.0,28.0,27–28%,,,500000,30000000,500 000–30 000 000 ₽,1095,10950,3y,30y,4,,,,,,,,
17013,447403,credit,Доверительный,Доверительный,https://www.banki.ru/products/credits/credit/4474/,https://cdn.banki.ru/cdn/bank/191070_mobile_logo_url.png,11.12.2025 17:41,191070,1910701,bank,Урал ФД,https://cdn.banki.ru/cdn/bank/191070_mobile_logo_url.png,249,www.uralfd.ru,8 800 100-10-40,"614066, г. Пермь, ул. Стахановская, д. 54 стр. Д",uralfd,RUB,https://www.banki.ru/products/credits/credit/4474/,18.99,35.99,"18,99–35,99%",,,50000,5000000,50 000–5 000 000 ₽,397,1825,13m,5y,4,,,,,,,,
19317,87203,credit,Универсальный (под залог недвижимости),Универсальный (под залог недвижимости),https://www.banki.ru/products/credits/credit/872/,https://cdn.banki.ru/cdn/bank/191070_mobile_logo_url.png,11.12.2025 17:46,191070,1910701,bank,Урал ФД,https://cdn.banki.ru/cdn/bank/191070_mobile_logo_url.png,249,www.uralfd.ru,8 800 100-10-40,"614066, г. Пермь, ул. Стахановская, д. 54 стр. Д",uralfd,RUB,https://www.banki.ru/products/credits/credit/872/,23.0,25.5,"23–25,5%",,,500000,10000000,500 000–10 000 000 ₽,1095,10950,3y,30y,4,,,,,,,,
19436,516903,credit,Под залог недвижимости,Под залог недвижимости,https://www.banki.ru/products/credits/credit/5169/,https://cdn.banki.ru/cdn/bank/193992_mobile_logo_url.png,11.12.2025 16:47,193992,1939921,bank,Датабанк,https://cdn.banki.ru/cdn/bank/193992_mobile_logo_url.png,646,www.databank.ru,8 800 301-91-91,"426076, Удмуртская Республика, г. Ижевск, ул. Ленина, д. 30",izhcombank,RUB,https://www.banki.ru/products/credits/credit/5169/,20.5,23.5,"20,5–23,5%",,,800000,100000000,800 000–100 000 000 ₽,365,5475,1y,15y,4,,,,,,,,
17194,510903,credit,На любые цели,На любые цели,https://www.banki.ru/products/credits/credit/5109/,https://cdn.banki.ru/cdn/bank/193992_mobile_logo_url.png,11.12.2025 16:30,193992,1939921,bank,Датабанк,https://cdn.banki.ru/cdn/bank/193992_mobile_logo_url.png,646,www.databank.ru,8 800 301-91-91,"426076, Удмуртская Республика, г. Ижевск, ул. Ленина, д. 30",izhcombank,RUB,https://www.banki.ru/products/credits/credit/5109/,23.0,29.0,23–29%,,,10000,3000000,10 000–3 000 000 ₽,365,1825,1y,5y,4,,,,,,,,
17237,516803,credit,Под залог автомобиля,Под залог автомобиля,https://www.banki.ru/products/credits/credit/5168/,https://cdn.banki.ru/cdn/bank/193992_mobile_logo_url.png,11.12.2025 16:31,193992,1939921,bank,Датабанк,https://cdn.banki.ru/cdn/bank/193992_mobile_logo_url.png,646,www.databank.ru,8 800 301-91-91,"426076, Удмуртская Республика, г. Ижевск, ул. Ленина, д. 30",izhcombank,RUB,https://www.banki.ru/products/credits/credit/5168/,24.0,24.0,24%,,,100000,100000000,100 000–100 000 000 ₽,365,2920,1y,8y,4,,,,,,,,
17126,498103,credit,На любые цели для пенсионеров,На любые цели для пенсионеров,https://www.banki.ru/products/credits/credit/4981/,https://cdn.banki.ru/cdn/bank/193992_mobile_logo_url.png,11.12.2025 16:33,193992,1939921,bank,Датабанк,https://cdn.banki.ru/cdn/bank/193992_mobile_logo_url.png,646,www.databank.ru,8 800 301-91-91,"426076, Удмуртская Республика, г. Ижевск, ул. Ленина, д. 30",izhcombank,RUB,https://www.banki.ru/products/credits/credit/4981/,25.0,27.0,25–27%,,,10000,3000000,10 000–3 000 000 ₽,365,1825,1y,5y,4,,,,,,,,
17631,20103403,credit,Деньги — возможности (под залог авто),Деньги — возможности (под залог авто),https://www.banki.ru/products/credits/credit/201034/,https://cdn.banki.ru/cdn/bank/68683_mobile_logo_url.png,22.12.2025 16:50,68683,686831,bank,Банк «РОССИЯ»,https://cdn.banki.ru/cdn/bank/68683_mobile_logo_url.png,328,www.abr.ru,8 800 100-11-11 ,"191124, г. Санкт-Петербург, пл. Растрелли, д. 2, стр.1",rossiya,RUB,https://www.banki.ru/products/credits/credit/201034/,20.5,30.5,"20,5–30,5%",,,100000,5000000,100 000–5 000 000 ₽,549,2555,18m,7y,4,,,,,,,,
16976,422903,credit,Деньги — возможности ,Деньги — возможности ,https://www.banki.ru/products/credits/credit/4229/,https://cdn.banki.ru/cdn/bank/68683_mobile_logo_url.png,22.12.2025 16:47,68683,686831,bank,Банк «РОССИЯ»,https://cdn.banki.ru/cdn/bank/68683_mobile_logo_url.png,328,www.abr.ru,8 800 100-11-11 ,"191124, г. Санкт-Петербург, пл. Растрелли, д. 2, стр.1",rossiya,RUB,https://www.banki.ru/products/credits/credit/4229/,22.5,32.5,"22,5–32,5%",,,100000,5000000,100 000–5 000 000 ₽,549,1825,18m,5y,4,,,,,,,,
19324,155603,credit,Потребительский (с обеспечением),Потребительский (с обеспечением),https://www.banki.ru/products/credits/credit/1556/,https://cdn.banki.ru/cdn/bank/192862_mobile_logo_url.png,12.12.2025 17:05,192862,1928621,bank,Хлынов,https://cdn.banki.ru/cdn/bank/192862_mobile_logo_url.png,254,www.bank-hlynov.ru,8 800 250-27-77,"610002, г. Киров, ул. Успенская, д. 40",hlynov,RUB,https://www.banki.ru/products/credits/credit/1556/,22.4,29.9,"22,4–29,9%",,,1500001,3000000,1 500 001–3 000 000 ₽,92,1825,3m,5y,4,,,,,,,,
19366,394203,credit,Целевой,Целевой,https://www.banki.ru/products/credits/credit/3942/,https://cdn.banki.ru/cdn/bank/192862_mobile_logo_url.png,12.12.2025 17:05,192862,1928621,bank,Хлынов,https://cdn.banki.ru/cdn/bank/192862_mobile_logo_url.png,254,www.bank-hlynov.ru,8 800 250-27-77,"610002, г. Киров, ул. Успенская, д. 40",hlynov,RUB,https://www.banki.ru/products/credits/credit/3942/,22.4,29.9,"22,4–29,9%",,,1000000,3000000,1 000 000–3 000 000 ₽,92,1825,3m,5y,4,,,,,,,,
16783,155503,credit,Потребительский,Потребительский,https://www.banki.ru/products/credits/credit/1555/,https://cdn.banki.ru/cdn/bank/192862_mobile_logo_url.png,12.12.2025 17:06,192862,1928621,bank,Хлынов,https://cdn.banki.ru/cdn/bank/192862_mobile_logo_url.png,254,www.bank-hlynov.ru,8 800 250-27-77,"610002, г. Киров, ул. Успенская, д. 40",hlynov,RUB,https://www.banki.ru/products/credits/credit/1555/,24.4,29.9,"24,4–29,9%",,,30000,1500000,30 000–1 500 000 ₽,91,1825,3m,5y,4,,,,,,,,
19485,20105803,credit,По паспорту (с обеспечением),По паспорту (с обеспечением),https://www.banki.ru/products/credits/credit/201058/,https://cdn.banki.ru/cdn/bank/192862_mobile_logo_url.png,12.12.2025 16:32,192862,1928621,bank,Хлынов,https://cdn.banki.ru/cdn/bank/192862_mobile_logo_url.png,254,www.bank-hlynov.ru,8 800 250-27-77,"610002, г. Киров, ул. Успенская, д. 40",hlynov,RUB,https://www.banki.ru/products/credits/credit/201058/,33.9,33.9,"33,9%",,,5000,100000,5 000–100 000 ₽,92,1825,3m,5y,4,,,,,,,,
17049,463803,credit,По паспорту,По паспорту,https://www.banki.ru/products/credits/credit/4638/,https://cdn.banki.ru/cdn/bank/192862_mobile_logo_url.png,12.12.2025 15:27,192862,1928621,bank,Хлынов,https://cdn.banki.ru/cdn/bank/192862_mobile_logo_url.png,254,www.bank-hlynov.ru,8 800 250-27-77,"610002, г. Киров, ул. Успенская, д. 40",hlynov,RUB,https://www.banki.ru/products/credits/credit/4638/,35.9,35.9,"35,9%",,,5000,100000,5 000–100 000 ₽,92,1825,3m,5y,4,,,,,,,,
